#!events.txt
# This is a text DVS created by v2e (see https://github.com/SensorsINI/v2e)
# Format is time (float s), x, y, polarity (0=off, 1=on) as specified at http://rpg.ifi.uzh.ch/davis_data.html
# Creation time: 05:23PM April 28 2022
# Creation time: System.currentTimeMillis() 1651134222726
# User name: oosim
0.03999999910593033 225 6 0
0.04999999701976776 230 18 0
0.04999999701976776 232 21 0
0.04999999701976776 230 17 0
0.06000000238418579 226 9 0
0.06000000238418579 237 31 0
0.06000000238418579 61 82 1
0.06000000238418579 231 19 0
0.06000000238418579 224 4 0
0.06000000238418579 223 3 0
0.06000000238418579 60 80 1
0.07000000029802322 238 33 0
0.07000000029802322 228 13 0
0.07000000029802322 75 111 1
0.07000000029802322 225 6 0
0.07000000029802322 238 34 0
0.07000000029802322 233 23 0
0.07000000029802322 172 8 1
0.07000000029802322 175 7 1
0.07000000029802322 79 119 1
0.07000000029802322 63 87 1
0.07000000029802322 237 32 0
0.07000000029802322 63 62 0
0.07000000029802322 62 84 1
0.07000000029802322 239 35 0
0.07000000029802322 75 55 0
0.07000000029802322 223 2 0
0.07000000029802322 111 38 0
0.07000000029802322 177 6 1
0.07000000029802322 229 15 0
0.07000000029802322 174 7 1
0.07000000029802322 222 0 0
0.07000000029802322 123 155 1
0.07000000029802322 183 1 0
0.07500000298023224 59 63 0
0.07500000298023224 226 9 0
0.07500000298023224 225 7 0
0.07500000298023224 188 1 1
0.07500000298023224 57 74 1
0.07500000298023224 224 5 0
0.07500000298023224 54 67 1
0.07500000298023224 73 107 1
0.07500000298023224 123 155 0
0.07500000298023224 78 116 1
0.07500000298023224 56 71 1
0.07500000298023224 227 11 0
0.07500000298023224 55 70 1
0.07500000298023224 238 33 0
0.07500000298023224 186 2 1
0.07500000298023224 189 0 1
0.07500000298023224 55 71 1
0.07500000298023224 214 69 1
0.07500000298023224 236 29 0
0.07500000298023224 237 31 0
0.07500000298023224 222 1 0
0.07999999821186066 123 155 0
0.08999999612569809 179 5 1
0.08999999612569809 78 117 1
0.08999999612569809 58 75 1
0.08999999612569809 58 76 1
0.08999999612569809 234 25 0
0.08999999612569809 178 5 1
0.08999999612569809 57 64 0
0.08999999612569809 84 51 0
0.08999999612569809 71 103 1
0.08999999612569809 185 2 1
0.08999999612569809 54 68 1
0.08999999612569809 190 0 1
0.08999999612569809 70 58 0
0.08999999612569809 59 78 1
0.08999999612569809 61 83 1
0.08999999612569809 223 4 0
0.08999999612569809 63 86 1
0.08999999612569809 228 14 0
0.08999999612569809 235 28 0
0.08999999612569809 64 89 1
0.08999999612569809 231 20 0
0.08999999612569809 230 18 0
0.08999999612569809 69 10 1
0.08999999612569809 66 93 1
0.08999999612569809 56 72 1
0.08999999612569809 176 6 1
0.10000000149011612 64 61 0
0.10000000149011612 69 99 1
0.10000000149011612 67 95 1
0.10000000149011612 228 13 0
0.10000000149011612 180 4 1
0.10000000149011612 74 110 1
0.10000000149011612 236 28 0
0.10000000149011612 66 60 0
0.10000000149011612 230 17 0
0.10000000149011612 69 10 0
0.10000000149011612 232 22 0
0.10000000149011612 225 7 0
0.10000000149011612 75 55 0
0.10000000149011612 70 101 1
0.10000000149011612 72 57 0
0.10000000149011612 229 16 0
0.10000000149011612 75 112 1
0.10000000149011612 61 62 0
0.10000000149011612 237 31 0
0.10000000149011612 104 41 0
0.10000000149011612 107 40 0
0.10000000149011612 234 26 0
0.10000000149011612 64 88 1
0.10000000149011612 76 55 0
0.10000000149011612 62 85 1
0.10000000149011612 72 106 1
0.10000000149011612 29 13 1
0.10000000149011612 74 56 0
0.10000000149011612 68 59 0
0.10999999940395355 76 114 1
0.10999999940395355 180 4 1
0.10999999940395355 106 40 0
0.10999999940395355 96 45 0
0.10999999940395355 79 120 1
0.10999999940395355 239 36 0
0.10999999940395355 235 27 0
0.10999999940395355 232 21 0
0.10999999940395355 226 9 0
0.10999999940395355 65 90 1
0.10999999940395355 82 52 0
0.10999999940395355 63 87 1
0.10999999940395355 69 100 1
0.10999999940395355 59 77 1
0.10999999940395355 65 60 0
0.10999999940395355 57 73 1
0.10999999940395355 224 5 0
0.10999999940395355 95 46 0
0.10999999940395355 222 2 0
0.11999999731779099 54 68 1
0.11999999731779099 223 4 0
0.11999999731779099 233 24 0
0.11999999731779099 73 56 0
0.11999999731779099 223 3 0
0.11999999731779099 234 25 0
0.11999999731779099 68 97 1
0.11999999731779099 59 79 1
0.11999999731779099 42 169 1
0.11999999731779099 182 3 1
0.11999999731779099 76 113 1
0.11999999731779099 74 109 1
0.11999999731779099 61 82 1
0.11999999731779099 58 77 1
0.11999999731779099 225 7 0
0.11999999731779099 54 71 0
0.11999999731779099 70 101 1
0.11999999731779099 67 59 0
0.11999999731779099 180 4 1
0.11999999731779099 187 1 1
0.11999999731779099 80 53 0
0.11999999731779099 227 10 0
0.11999999731779099 181 4 1
0.12999999523162842 60 63 0
0.12999999523162842 224 6 0
0.12999999523162842 72 104 1
0.12999999523162842 64 90 1
0.12999999523162842 222 0 0
0.12999999523162842 229 15 0
0.12999999523162842 55 71 1
0.12999999523162842 68 98 1
0.12999999523162842 60 81 1
0.12999999523162842 189 0 1
0.12999999523162842 231 18 0
0.12999999523162842 63 85 1
0.12999999523162842 62 62 0
0.12999999523162842 70 100 1
0.12999999523162842 236 30 0
0.12999999523162842 230 18 0
0.12999999523162842 183 3 1
0.12999999523162842 222 1 0
0.12999999523162842 231 19 0
0.12999999523162842 60 80 1
0.12999999523162842 227 12 0
0.14000000059604645 230 17 0
0.14000000059604645 57 74 1
0.14000000059604645 227 11 0
0.14000000059604645 230 18 0
0.14000000059604645 56 73 1
0.14000000059604645 232 21 0
0.14000000059604645 178 5 1
0.14000000059604645 104 41 0
0.14000000059604645 66 94 1
0.14000000059604645 78 54 0
0.14000000059604645 239 37 0
0.14000000059604645 98 44 0
0.14000000059604645 229 16 0
0.14000000059604645 71 57 0
0.14000000059604645 55 66 0
0.14000000059604645 184 2 1
0.14000000059604645 58 64 0
0.14000000059604645 228 13 0
0.14000000059604645 83 128 1
0.14000000059604645 70 102 1
0.14000000059604645 223 2 0
0.14000000059604645 64 89 1
0.14000000059604645 53 71 1
0.14000000059604645 65 92 1
0.15000000596046448 233 23 0
0.15000000596046448 59 63 0
0.15000000596046448 87 50 0
0.15000000596046448 89 45 1
0.15000000596046448 57 64 0
0.15000000596046448 77 55 0
0.15000000596046448 238 34 0
0.15000000596046448 186 1 1
0.15000000596046448 91 48 0
0.15000000596046448 77 54 0
0.15000000596046448 225 8 0
0.15000000596046448 224 5 0
0.15000000596046448 65 91 1
0.15000000596046448 66 93 1
0.15000000596046448 73 57 0
0.15000000596046448 56 65 0
0.15000000596046448 230 17 0
0.15000000596046448 65 94 0
0.1600000113248825 226 9 0
0.1600000113248825 79 54 0
0.1600000113248825 233 22 0
0.1600000113248825 228 15 0
0.1600000113248825 54 66 0
0.1600000113248825 77 116 1
0.1600000113248825 229 16 0
0.1600000113248825 226 10 0
0.1600000113248825 230 18 0
0.1600000113248825 180 4 1
0.1600000113248825 102 42 0
0.1600000113248825 189 0 1
0.1600000113248825 221 0 0
0.1600000113248825 235 29 0
0.1600000113248825 55 70 1
0.1600000113248825 63 87 1
0.1600000113248825 67 96 1
0.1600000113248825 87 136 1
0.1600000113248825 235 28 0
0.1600000113248825 152 17 0
0.1600000113248825 72 106 1
0.1600000113248825 237 32 0
0.1600000113248825 67 95 1
0.1600000113248825 234 26 0
0.1600000113248825 188 0 1
0.17000000178813934 170 9 1
0.17000000178813934 223 3 0
0.17000000178813934 93 47 0
0.17000000178813934 68 96 1
0.17000000178813934 73 108 1
0.17000000178813934 111 38 0
0.17000000178813934 165 12 1
0.17000000178813934 57 65 0
0.17000000178813934 62 85 1
0.17000000178813934 59 79 1
0.17000000178813934 71 103 1
0.17000000178813934 61 83 1
0.17000000178813934 230 17 0
0.17000000178813934 105 41 0
0.17000000178813934 77 115 1
0.17000000178813934 234 21 1
0.17000000178813934 239 35 0
0.17000000178813934 229 15 0
0.17000000178813934 69 99 1
0.17000000178813934 70 58 0
0.17000000178813934 61 62 0
0.17000000178813934 231 19 0
0.17000000178813934 117 35 0
0.17000000178813934 176 6 1
0.17000000178813934 228 14 0
0.17000000178813934 228 13 0
0.17000000178813934 54 64 1
0.17000000178813934 228 11 1
0.17000000178813934 239 36 0
0.17000000178813934 224 4 0
0.17000000178813934 173 8 1
0.17000000178813934 233 25 0
0.17000000178813934 185 2 1
0.17000000178813934 57 75 1
0.17000000178813934 75 56 0
0.17000000178813934 109 39 0
0.18000000715255737 81 52 0
0.18000000715255737 236 29 0
0.18000000715255737 64 90 1
0.18000000715255737 69 58 0
0.18000000715255737 69 59 0
0.18000000715255737 63 62 0
0.18000000715255737 103 42 0
0.18000000715255737 81 53 0
0.18000000715255737 237 31 0
0.18000000715255737 101 43 0
0.18000000715255737 81 124 1
0.18000000715255737 55 71 1
0.18000000715255737 96 45 0
0.18000000715255737 172 8 1
0.18000000715255737 228 12 0
0.18000000715255737 223 4 0
0.18000000715255737 154 17 1
0.18000000715255737 67 60 0
0.18000000715255737 64 61 0
0.18000000715255737 66 92 1
0.18000000715255737 72 105 1
0.18000000715255737 75 111 1
0.18000000715255737 54 69 1
0.18000000715255737 161 14 1
0.18000000715255737 226 9 0
0.18000000715255737 183 2 1
0.1900000125169754 61 84 1
0.1900000125169754 84 129 1
0.1900000125169754 237 33 0
0.1900000125169754 89 49 0
0.1900000125169754 71 58 0
0.1900000125169754 236 31 0
0.1900000125169754 59 64 0
0.1900000125169754 85 51 0
0.1900000125169754 62 85 1
0.1900000125169754 59 78 1
0.1900000125169754 162 9 1
0.1900000125169754 86 134 1
0.1900000125169754 94 46 0
0.1900000125169754 62 86 1
0.1900000125169754 227 12 0
0.1900000125169754 235 27 0
0.1900000125169754 225 7 0
0.1900000125169754 58 77 1
0.1900000125169754 184 2 1
0.1900000125169754 80 122 1
0.1900000125169754 71 104 1
0.1900000125169754 68 59 0
0.1900000125169754 227 11 0
0.1900000125169754 66 60 0
0.1900000125169754 63 87 1
0.1900000125169754 76 112 1
0.1900000125169754 62 84 1
0.1900000125169754 58 76 1
0.1900000125169754 169 9 1
0.1900000125169754 232 22 0
0.1900000125169754 59 80 1
0.20000000298023224 65 61 0
0.20000000298023224 224 5 0
0.20000000298023224 74 108 1
0.20000000298023224 80 121 1
0.20000000298023224 63 86 1
0.20000000298023224 170 9 1
0.20000000298023224 231 20 0
0.20000000298023224 230 18 0
0.20000000298023224 90 48 0
0.20000000298023224 95 46 0
0.20000000298023224 222 2 0
0.20000000298023224 168 10 1
0.20000000298023224 60 81 1
0.20000000298023224 237 32 0
0.20000000298023224 144 18 0
0.20000000298023224 232 23 0
0.20000000298023224 99 44 0
0.20000000298023224 92 47 0
0.20000000298023224 235 28 0
0.20000000298023224 222 1 0
0.20000000298023224 238 33 0
0.20000000298023224 188 0 1
0.20000000298023224 55 65 0
0.20000000298023224 79 119 1
0.20000000298023224 74 56 0
0.20000000298023224 64 89 1
0.20000000298023224 60 63 0
0.20000000298023224 63 62 0
0.20000000298023224 65 60 0
0.20000000298023224 156 16 1
0.20000000298023224 160 14 1
0.20000000298023224 53 68 1
0.20000000298023224 54 65 0
0.20000000298023224 84 130 1
0.21000000834465027 98 44 0
0.21000000834465027 54 70 1
0.21000000834465027 238 68 0
0.21000000834465027 234 27 0
0.21000000834465027 229 16 0
0.21000000834465027 236 30 0
0.21000000834465027 82 52 0
0.21000000834465027 65 92 1
0.21000000834465027 144 22 1
0.21000000834465027 227 13 0
0.21000000834465027 164 12 1
0.21000000834465027 159 15 1
0.21000000834465027 229 17 0
0.21000000834465027 221 0 0
0.21000000834465027 71 102 1
0.21000000834465027 88 49 0
0.21000000834465027 83 52 0
0.21000000834465027 65 56 0
0.21000000834465027 166 11 1
0.21000000834465027 70 101 1
0.21000000834465027 60 82 1
0.21000000834465027 119 34 0
0.21000000834465027 78 118 1
0.21000000834465027 84 51 0
0.21000000834465027 82 127 1
0.21000000834465027 61 63 0
0.2199999988079071 223 3 0
0.2199999988079071 152 18 1
0.2199999988079071 56 74 1
0.2199999988079071 233 24 0
0.2199999988079071 234 25 0
0.2199999988079071 75 112 1
0.2199999988079071 238 68 1
0.2199999988079071 223 4 0
0.2199999988079071 86 50 0
0.2199999988079071 60 79 1
0.2199999988079071 90 143 1
0.2199999988079071 85 132 1
0.2199999988079071 58 78 1
0.2199999988079071 238 34 0
0.2199999988079071 230 18 0
0.2199999988079071 69 100 1
0.2199999988079071 223 1 1
0.2199999988079071 56 65 0
0.2199999988079071 107 40 0
0.2199999988079071 58 77 1
0.2199999988079071 232 21 0
0.2199999988079071 225 8 0
0.2199999988079071 55 71 1
0.2199999988079071 175 2 1
0.2199999988079071 171 9 1
0.2199999988079071 239 36 0
0.2199999988079071 175 7 1
0.2199999988079071 62 62 0
0.2199999988079071 59 79 1
0.23000000417232513 56 73 1
0.23000000417232513 81 125 1
0.23000000417232513 222 3 0
0.23000000417232513 237 30 0
0.23000000417232513 234 26 0
0.23000000417232513 228 15 0
0.23000000417232513 58 64 0
0.23000000417232513 72 106 1
0.23000000417232513 73 107 1
0.23000000417232513 225 9 0
0.23000000417232513 69 98 1
0.23000000417232513 79 120 1
0.23000000417232513 147 20 1
0.23000000417232513 112 38 0
0.23000000417232513 74 119 0
0.23000000417232513 182 3 1
0.23000000417232513 66 94 1
0.23000000417232513 56 72 1
0.23000000417232513 229 16 0
0.23000000417232513 238 35 0
0.23000000417232513 221 1 0
0.23000000417232513 180 4 1
0.23000000417232513 179 5 1
0.23000000417232513 63 61 0
0.23000000417232513 55 69 1
0.24000000953674316 226 10 0
0.24000000953674316 230 17 0
0.24000000953674316 76 55 0
0.24000000953674316 231 21 0
0.24000000953674316 80 123 1
0.24000000953674316 174 7 1
0.24000000953674316 97 45 0
0.24000000953674316 80 53 0
0.24000000953674316 230 19 0
0.24000000953674316 230 18 0
0.24000000953674316 67 97 1
0.24000000953674316 235 28 0
0.24000000953674316 146 21 1
0.24000000953674316 53 67 1
0.24000000953674316 232 22 0
0.24000000953674316 57 76 1
0.24000000953674316 224 6 0
0.24000000953674316 222 1 0
0.24000000953674316 87 137 1
0.24000000953674316 231 20 0
0.24000000953674316 228 14 0
0.24000000953674316 72 57 0
0.25 74 110 1
0.25 224 7 0
0.25 102 43 0
0.25 227 12 0
0.25 235 29 0
0.25 84 131 1
0.25 186 1 1
0.25 67 96 1
0.25 68 97 1
0.25 91 48 0
0.25 54 68 1
0.25 187 1 1
0.25 226 9 0
0.25 85 133 1
0.25 113 37 0
0.25 228 13 0
0.25 182 4 1
0.25 79 121 1
0.25 110 39 0
0.25 73 109 1
0.25 64 90 1
0.25 163 13 1
0.25 63 62 0
0.25 223 4 0
0.25 232 33 0
0.25 104 42 0
0.25 83 51 0
0.25 233 25 0
0.25 68 98 1
0.25 66 93 1
0.25 95 46 0
0.25999999046325684 63 88 1
0.25999999046325684 188 1 1
0.25999999046325684 57 75 1
0.25999999046325684 88 49 0
0.25999999046325684 61 83 1
0.25999999046325684 232 33 1
0.25999999046325684 54 69 1
0.25999999046325684 233 24 0
0.25999999046325684 55 66 0
0.25999999046325684 57 65 0
0.25999999046325684 62 85 1
0.25999999046325684 167 11 1
0.25999999046325684 148 20 1
0.25999999046325684 82 126 1
0.25999999046325684 143 22 1
0.25999999046325684 178 6 1
0.25999999046325684 229 16 0
0.25999999046325684 222 2 0
0.25999999046325684 73 57 0
0.25999999046325684 65 56 0
0.25999999046325684 232 21 0
0.25999999046325684 87 50 0
0.25999999046325684 78 117 1
0.25999999046325684 63 87 1
0.25999999046325684 189 0 1
0.25999999046325684 89 140 1
0.25999999046325684 230 18 0
0.25999999046325684 65 90 1
0.25999999046325684 226 11 0
0.25999999046325684 67 94 1
0.26999998092651367 64 61 0
0.26999998092651367 75 110 1
0.26999998092651367 225 8 0
0.26999998092651367 238 34 0
0.26999998092651367 59 80 1
0.26999998092651367 77 55 0
0.26999998092651367 232 16 1
0.26999998092651367 170 9 1
0.26999998092651367 76 114 1
0.26999998092651367 224 5 0
0.26999998092651367 57 74 1
0.26999998092651367 61 82 1
0.26999998092651367 239 36 0
0.26999998092651367 177 6 1
0.26999998092651367 237 32 0
0.26999998092651367 76 115 1
0.26999998092651367 227 13 0
0.26999998092651367 84 51 0
0.26999998092651367 101 43 0
0.26999998092651367 177 5 1
0.26999998092651367 178 5 1
0.26999998092651367 70 102 1
0.26999998092651367 54 66 0
0.26999998092651367 221 0 0
0.26999998092651367 70 58 0
0.26999998092651367 54 70 1
0.26999998092651367 79 54 0
0.26999998092651367 64 88 1
0.2800000011920929 186 2 1
0.2800000011920929 58 78 1
0.2800000011920929 100 43 0
0.2800000011920929 223 5 0
0.2800000011920929 60 81 1
0.2800000011920929 157 15 1
0.2800000011920929 78 119 1
0.2800000011920929 64 89 1
0.2800000011920929 62 86 1
0.2800000011920929 59 79 1
0.2800000011920929 236 30 0
0.2800000011920929 69 99 1
0.2800000011920929 77 116 1
0.2800000011920929 171 1 1
0.2800000011920929 78 55 0
0.2800000011920929 81 126 1
0.2800000011920929 65 91 1
0.2800000011920929 176 6 1
0.2800000011920929 228 14 0
0.2800000011920929 239 37 0
0.2800000011920929 151 18 1
0.2800000011920929 69 59 0
0.2800000011920929 145 21 1
0.2800000011920929 68 59 0
0.2800000011920929 77 117 1
0.2800000011920929 222 3 0
0.2800000011920929 81 53 0
0.2800000011920929 55 71 1
0.2800000011920929 149 19 1
0.2800000011920929 56 74 1
0.2800000011920929 92 48 0
0.2800000011920929 162 13 1
0.2800000011920929 153 17 1
0.28999999165534973 59 81 1
0.28999999165534973 180 4 1
0.28999999165534973 180 3 0
0.28999999165534973 234 26 0
0.28999999165534973 230 18 0
0.28999999165534973 90 142 1
0.28999999165534973 235 28 0
0.28999999165534973 76 113 1
0.28999999165534973 65 61 0
0.28999999165534973 188 0 1
0.28999999165534973 61 84 1
0.28999999165534973 60 80 1
0.28999999165534973 225 6 0
0.28999999165534973 69 100 1
0.28999999165534973 71 58 0
0.28999999165534973 75 55 0
0.28999999165534973 158 15 1
0.28999999165534973 55 72 1
0.28999999165534973 93 47 0
0.28999999165534973 85 131 1
0.28999999165534973 108 40 0
0.28999999165534973 71 104 1
0.28999999165534973 63 62 0
0.28999999165534973 229 16 0
0.28999999165534973 221 1 0
0.28999999165534973 63 59 0
0.28999999165534973 58 77 1
0.28999999165534973 147 20 1
0.28999999165534973 150 19 1
0.28999999165534973 223 4 0
0.28999999165534973 60 82 1
0.28999999165534973 58 65 0
0.28999999165534973 88 138 1
0.29999998211860657 90 49 0
0.29999998211860657 156 16 1
0.29999998211860657 71 105 1
0.29999998211860657 227 12 0
0.29999998211860657 88 139 1
0.29999998211860657 65 92 1
0.29999998211860657 72 106 1
0.29999998211860657 68 99 1
0.29999998211860657 67 60 0
0.29999998211860657 103 42 0
0.29999998211860657 180 5 1
0.29999998211860657 57 76 1
0.29999998211860657 114 37 0
0.29999998211860657 75 112 1
0.29999998211860657 79 120 1
0.29999998211860657 224 6 0
0.29999998211860657 59 64 0
0.29999998211860657 184 2 1
0.29999998211860657 238 33 0
0.29999998211860657 236 31 0
0.29999998211860657 224 0 1
0.29999998211860657 106 175 0
0.29999998211860657 105 173 0
0.29999998211860657 85 51 0
0.29999998211860657 155 16 1
0.29999998211860657 232 22 0
0.29999998211860657 231 20 0
0.3100000023841858 171 8 1
0.3100000023841858 60 63 0
0.3100000023841858 226 9 0
0.3100000023841858 86 51 0
0.3100000023841858 222 2 0
0.3100000023841858 225 8 0
0.3100000023841858 168 10 1
0.3100000023841858 73 57 0
0.3100000023841858 230 18 0
0.3100000023841858 239 37 0
0.3100000023841858 75 56 0
0.3100000023841858 63 89 1
0.3100000023841858 181 4 1
0.3100000023841858 94 47 0
0.3100000023841858 53 68 1
0.3100000023841858 78 54 0
0.3100000023841858 67 96 1
0.3100000023841858 238 32 1
0.3100000023841858 98 45 0
0.3100000023841858 226 10 0
0.3100000023841858 54 70 1
0.3100000023841858 229 16 0
0.3100000023841858 82 53 0
0.3100000023841858 228 14 0
0.3100000023841858 154 17 1
0.3100000023841858 75 113 1
0.3100000023841858 66 60 0
0.3100000023841858 228 15 0
0.3100000023841858 223 3 0
0.3100000023841858 221 0 0
0.3100000023841858 237 32 0
0.3100000023841858 233 25 0
0.3100000023841858 234 27 0
0.3100000023841858 232 23 0
0.3100000023841858 56 65 0
0.3100000023841858 96 46 0
0.3100000023841858 61 63 0
0.3100000023841858 67 95 1
0.3100000023841858 60 64 0
0.3100000023841858 231 101 1
0.3100000023841858 86 135 1
0.3100000023841858 230 17 0
0.3199999928474426 222 1 0
0.3199999928474426 60 83 1
0.3199999928474426 230 18 0
0.3199999928474426 223 4 0
0.3199999928474426 179 5 1
0.3199999928474426 106 41 0
0.3199999928474426 61 85 1
0.3199999928474426 236 25 1
0.3199999928474426 185 2 1
0.3199999928474426 63 88 1
0.3199999928474426 172 8 1
0.3199999928474426 84 52 0
0.3199999928474426 235 28 0
0.3199999928474426 231 101 0
0.3199999928474426 72 107 1
0.3199999928474426 68 98 1
0.3199999928474426 231 21 0
0.3199999928474426 72 58 0
0.3199999928474426 169 10 1
0.3199999928474426 160 14 1
0.3199999928474426 64 90 1
0.3199999928474426 70 101 1
0.3199999928474426 63 62 0
0.3199999928474426 189 0 1
0.3199999928474426 229 17 0
0.3199999928474426 233 24 0
0.3199999928474426 239 36 0
0.3199999928474426 64 91 1
0.3199999928474426 59 80 1
0.3199999928474426 237 33 0
0.3199999928474426 82 13 1
0.3199999928474426 71 103 1
0.32999998331069946 180 4 1
0.32999998331069946 236 30 0
0.32999998331069946 72 57 0
0.32999998331069946 56 75 1
0.32999998331069946 58 79 1
0.32999998331069946 235 29 0
0.32999998331069946 174 8 1
0.32999998331069946 64 62 0
0.32999998331069946 231 18 1
0.32999998331069946 76 56 0
0.32999998331069946 80 54 0
0.32999998331069946 224 7 0
0.32999998331069946 186 1 1
0.32999998331069946 56 73 1
0.32999998331069946 161 13 1
0.32999998331069946 229 16 0
0.32999998331069946 66 94 1
0.32999998331069946 70 59 0
0.32999998331069946 227 13 0
0.32999998331069946 222 3 0
0.32999998331069946 83 129 1
0.32999998331069946 62 62 0
0.32999998331069946 165 11 1
0.32999998331069946 238 34 0
0.32999998331069946 89 49 0
0.32999998331069946 236 29 0
0.32999998331069946 62 63 0
0.32999998331069946 237 32 0
0.32999998331069946 87 50 0
0.3400000035762787 74 56 0
0.3400000035762787 230 18 0
0.3400000035762787 54 66 0
0.3400000035762787 167 10 1
0.3400000035762787 166 11 1
0.3400000035762787 164 12 1
0.3400000035762787 74 111 1
0.3400000035762787 228 15 0
0.3400000035762787 227 12 0
0.3400000035762787 170 9 1
0.3400000035762787 225 9 0
0.3400000035762787 178 5 1
0.3400000035762787 157 15 1
0.3400000035762787 107 178 0
0.3400000035762787 169 9 1
0.3400000035762787 173 7 1
0.3400000035762787 55 66 0
0.3400000035762787 182 3 1
0.3400000035762787 68 60 0
0.3400000035762787 175 7 1
0.3400000035762787 230 19 0
0.3400000035762787 229 16 0
0.3400000035762787 81 124 1
0.3400000035762787 57 65 0
0.3400000035762787 228 9 1
0.3400000035762787 60 82 1
0.3400000035762787 56 66 0
0.3400000035762787 91 144 1
0.3400000035762787 226 11 0
0.3400000035762787 183 3 1
0.3400000035762787 57 77 1
0.3400000035762787 223 4 0
0.3400000035762787 163 12 1
0.3400000035762787 100 44 0
0.3400000035762787 69 59 0
0.3499999940395355 228 14 0
0.3499999940395355 56 74 1
0.3499999940395355 73 107 1
0.3499999940395355 231 20 0
0.3499999940395355 74 109 1
0.3499999940395355 234 23 0
0.3499999940395355 188 0 1
0.3499999940395355 55 71 1
0.3499999940395355 77 55 0
0.3499999940395355 66 61 0
0.3499999940395355 55 72 1
0.3499999940395355 166 10 1
0.3499999940395355 162 13 1
0.3499999940395355 57 76 1
0.3499999940395355 63 87 1
0.3499999940395355 89 141 1
0.3499999940395355 61 83 1
0.3499999940395355 221 1 0
0.3499999940395355 80 123 1
0.3499999940395355 62 85 1
0.3499999940395355 73 58 0
0.3499999940395355 82 52 0
0.3499999940395355 73 106 1
0.3499999940395355 66 95 1
0.3499999940395355 221 0 0
0.3499999940395355 80 122 1
0.3499999940395355 83 127 1
0.35999998450279236 58 78 1
0.35999998450279236 230 16 1
0.35999998450279236 69 101 1
0.35999998450279236 60 81 1
0.35999998450279236 82 127 1
0.35999998450279236 55 73 1
0.35999998450279236 234 26 0
0.35999998450279236 166 10 1
0.35999998450279236 73 109 1
0.35999998450279236 235 28 0
0.35999998450279236 229 16 0
0.35999998450279236 73 108 1
0.35999998450279236 232 22 0
0.35999998450279236 62 87 1
0.35999998450279236 173 8 1
0.35999998450279236 177 5 1
0.35999998450279236 228 12 1
0.35999998450279236 185 1 1
0.35999998450279236 233 26 0
0.35999998450279236 181 3 1
0.35999998450279236 176 6 1
0.35999998450279236 74 57 0
0.35999998450279236 230 18 0
0.35999998450279236 70 103 1
0.35999998450279236 224 6 0
0.35999998450279236 187 0 1
0.35999998450279236 62 86 1
0.35999998450279236 179 4 1
0.35999998450279236 59 63 0
0.3700000047683716 59 64 0
0.3700000047683716 91 48 0
0.3700000047683716 64 90 1
0.3700000047683716 65 94 1
0.3700000047683716 115 36 0
0.3700000047683716 184 3 1
0.3700000047683716 65 92 1
0.3700000047683716 232 24 0
0.3700000047683716 77 115 1
0.3700000047683716 174 7 1
0.3700000047683716 53 69 1
0.3700000047683716 65 61 0
0.3700000047683716 54 69 1
0.3700000047683716 54 70 1
0.3700000047683716 180 4 1
0.3700000047683716 71 58 0
0.3700000047683716 65 93 1
0.3700000047683716 83 128 1
0.3700000047683716 229 12 0
0.3700000047683716 183 2 1
0.3700000047683716 238 35 0
0.3700000047683716 54 71 1
0.3700000047683716 172 8 1
0.3700000047683716 222 2 0
0.3700000047683716 226 4 0
0.3700000047683716 81 125 1
0.3700000047683716 63 62 0
0.3799999952316284 81 54 0
0.3799999952316284 88 50 0
0.3799999952316284 239 38 0
0.3799999952316284 186 1 1
0.3799999952316284 61 85 1
0.3799999952316284 55 70 1
0.3799999952316284 81 123 1
0.3799999952316284 236 31 0
0.3799999952316284 170 9 1
0.3799999952316284 63 89 1
0.3799999952316284 238 36 0
0.3799999952316284 157 16 1
0.3799999952316284 232 23 0
0.3799999952316284 68 59 0
0.3799999952316284 174 6 1
0.3799999952316284 234 28 0
0.3799999952316284 171 8 1
0.3799999952316284 60 83 1
0.3799999952316284 231 21 0
0.3799999952316284 225 8 0
0.3799999952316284 221 0 0
0.3799999952316284 236 32 0
0.3799999952316284 61 84 1
0.3799999952316284 94 46 0
0.3799999952316284 221 2 0
0.3799999952316284 222 3 0
0.3799999952316284 72 106 1
0.3799999952316284 223 5 0
0.3799999952316284 81 170 1
0.3799999952316284 220 0 0
0.3799999952316284 231 22 0
0.3799999952316284 70 58 0
0.3799999952316284 92 147 1
0.3799999952316284 58 64 0
0.3799999952316284 83 52 0
0.3799999952316284 228 16 0
0.38999998569488525 75 111 1
0.38999998569488525 224 7 0
0.38999998569488525 223 6 0
0.38999998569488525 64 91 1
0.38999998569488525 229 17 0
0.38999998569488525 67 60 0
0.38999998569488525 185 1 1
0.38999998569488525 227 13 0
0.38999998569488525 230 20 0
0.38999998569488525 74 110 1
0.38999998569488525 75 113 1
0.38999998569488525 225 9 0
0.38999998569488525 222 4 0
0.38999998569488525 78 119 1
0.38999998569488525 93 148 1
0.38999998569488525 237 34 0
0.38999998569488525 187 0 1
0.38999998569488525 58 79 1
0.38999998569488525 228 15 0
0.38999998569488525 76 55 0
0.38999998569488525 229 18 0
0.38999998569488525 108 179 0
0.38999998569488525 226 12 0
0.38999998569488525 69 100 1
0.38999998569488525 178 5 1
0.38999998569488525 79 121 1
0.38999998569488525 177 5 1
0.38999998569488525 59 80 1
0.38999998569488525 233 25 0
0.38999998569488525 155 17 1
0.38999998569488525 71 105 1
0.38999998569488525 94 151 1
0.38999998569488525 221 1 0
0.38999998569488525 239 37 0
0.38999998569488525 184 2 1
0.38999998569488525 77 117 1
0.3999999761581421 227 14 0
0.3999999761581421 89 140 1
0.3999999761581421 79 54 0
0.3999999761581421 57 75 1
0.3999999761581421 58 77 1
0.3999999761581421 62 87 1
0.3999999761581421 181 3 1
0.3999999761581421 93 149 1
0.3999999761581421 183 2 1
0.3999999761581421 234 27 0
0.3999999761581421 64 89 1
0.3999999761581421 56 75 1
0.3999999761581421 107 40 0
0.3999999761581421 235 30 0
0.3999999761581421 235 29 0
0.3999999761581421 79 119 1
0.3999999761581421 82 125 1
0.3999999761581421 226 11 0
0.3999999761581421 58 65 0
0.3999999761581421 149 20 1
0.3999999761581421 64 62 0
0.3999999761581421 56 65 0
0.3999999761581421 63 88 1
0.3999999761581421 222 3 0
0.3999999761581421 67 96 1
0.3999999761581421 233 25 0
0.3999999761581421 237 33 0
0.3999999761581421 71 104 1
0.3999999761581421 87 136 1
0.3999999761581421 152 50 1
0.3999999761581421 75 112 1
0.3999999761581421 70 102 1
0.3999999761581421 85 133 1
0.4099999964237213 57 77 1
0.4099999964237213 73 57 0
0.4099999964237213 226 10 0
0.4099999964237213 84 131 1
0.4099999964237213 231 22 0
0.4099999964237213 55 72 1
0.4099999964237213 64 61 0
0.4099999964237213 67 97 1
0.4099999964237213 152 50 0
0.4099999964237213 173 7 1
0.4099999964237213 216 151 1
0.4099999964237213 165 11 1
0.4099999964237213 78 118 1
0.4099999964237213 53 68 1
0.4099999964237213 84 130 1
0.4099999964237213 159 14 1
0.4099999964237213 232 23 0
0.4099999964237213 57 76 1
0.4099999964237213 68 99 1
0.4099999964237213 228 15 0
0.4099999964237213 175 6 1
0.4099999964237213 59 81 1
0.4099999964237213 76 115 1
0.4099999964237213 236 31 0
0.4099999964237213 223 4 0
0.41999998688697815 61 63 0
0.41999998688697815 224 8 0
0.41999998688697815 53 66 0
0.41999998688697815 225 9 0
0.41999998688697815 167 10 1
0.41999998688697815 98 44 0
0.41999998688697815 95 152 1
0.41999998688697815 72 105 1
0.41999998688697815 85 134 1
0.41999998688697815 169 9 1
0.41999998688697815 55 67 0
0.41999998688697815 188 0 1
0.41999998688697815 60 64 0
0.41999998688697815 151 18 1
0.41999998688697815 225 10 0
0.41999998688697815 75 57 0
0.41999998688697815 92 48 0
0.41999998688697815 59 79 1
0.41999998688697815 230 19 0
0.41999998688697815 221 1 0
0.41999998688697815 238 35 0
0.429999977350235 60 82 1
0.429999977350235 54 71 1
0.429999977350235 66 94 1
0.429999977350235 58 79 1
0.429999977350235 56 74 1
0.429999977350235 231 21 0
0.429999977350235 223 5 0
0.429999977350235 55 73 1
0.429999977350235 91 145 1
0.429999977350235 227 12 0
0.429999977350235 228 15 0
0.429999977350235 180 4 1
0.429999977350235 66 95 1
0.429999977350235 233 25 0
0.429999977350235 227 13 0
0.429999977350235 239 37 0
0.429999977350235 53 71 0
0.429999977350235 79 120 1
0.429999977350235 224 7 0
0.429999977350235 165 12 1
0.429999977350235 81 124 1
0.429999977350235 77 116 1
0.429999977350235 56 76 1
0.429999977350235 222 3 0
0.429999977350235 70 103 1
0.429999977350235 73 109 1
0.429999977350235 81 53 0
0.429999977350235 141 23 1
0.429999977350235 229 17 0
0.429999977350235 76 114 1
0.4399999976158142 86 133 1
0.4399999976158142 78 55 0
0.4399999976158142 69 59 0
0.4399999976158142 236 31 0
0.4399999976158142 232 23 0
0.4399999976158142 99 44 0
0.4399999976158142 65 92 1
0.4399999976158142 226 11 0
0.4399999976158142 65 93 1
0.4399999976158142 234 27 0
0.4399999976158142 235 29 0
0.4399999976158142 80 124 1
0.4399999976158142 68 98 1
0.4399999976158142 72 106 1
0.4399999976158142 53 70 1
0.4399999976158142 237 33 0
0.4399999976158142 57 65 0
0.4399999976158142 53 69 1
0.4399999976158142 95 46 0
0.4399999976158142 85 51 0
0.44999998807907104 233 26 0
0.44999998807907104 57 66 0
0.44999998807907104 55 66 0
0.44999998807907104 231 19 0
0.44999998807907104 54 70 1
0.44999998807907104 62 63 0
0.44999998807907104 61 85 1
0.44999998807907104 60 83 1
0.44999998807907104 72 107 1
0.44999998807907104 58 78 1
0.44999998807907104 54 67 0
0.44999998807907104 86 135 1
0.44999998807907104 221 2 0
0.44999998807907104 74 111 1
0.44999998807907104 63 62 0
0.44999998807907104 64 90 1
0.44999998807907104 102 43 0
0.44999998807907104 86 134 1
0.44999998807907104 96 155 1
0.44999998807907104 78 116 1
0.4599999785423279 72 58 0
0.4599999785423279 229 16 0
0.4599999785423279 68 60 0
0.4599999785423279 76 56 0
0.4599999785423279 66 61 0
0.4599999785423279 65 61 0
0.4599999785423279 90 48 0
0.4599999785423279 56 75 1
0.4599999785423279 64 91 1
0.4599999785423279 82 53 0
0.4599999785423279 65 94 1
0.4599999785423279 221 1 0
0.4599999785423279 155 16 1
0.4599999785423279 66 106 1
0.4599999785423279 103 41 1
0.4599999785423279 101 43 0
0.4599999785423279 68 97 1
0.4599999785423279 187 0 1
0.4599999785423279 80 123 1
0.4599999785423279 222 3 0
0.4599999785423279 75 56 0
0.4599999785423279 56 66 0
0.4599999785423279 70 59 0
0.4599999785423279 62 62 0
0.4599999785423279 77 55 0
0.4599999785423279 67 61 0
0.4599999785423279 79 53 0
0.4699999988079071 223 6 0
0.4699999988079071 59 65 0
0.4699999988079071 58 79 1
0.4699999988079071 62 84 1
0.4699999988079071 59 64 0
0.4699999988079071 81 126 1
0.4699999988079071 222 4 0
0.4699999988079071 71 58 0
0.4699999988079071 225 9 0
0.4699999988079071 62 87 1
0.4699999988079071 58 65 0
0.4699999988079071 57 77 1
0.4699999988079071 220 0 0
0.4699999988079071 230 18 0
0.4699999988079071 228 15 0
0.4699999988079071 63 89 1
0.4699999988079071 180 3 1
0.4699999988079071 69 101 1
0.4699999988079071 182 3 1
0.4699999988079071 84 132 1
0.4699999988079071 153 17 1
0.4699999988079071 61 64 0
0.4699999988079071 73 57 0
0.4699999988079071 87 50 0
0.4699999988079071 224 7 0
0.4699999988079071 66 95 1
0.4699999988079071 62 86 1
0.4699999988079071 73 111 0
0.4699999988079071 80 54 0
0.4699999988079071 64 62 0
0.47999998927116394 63 62 0
0.47999998927116394 230 19 0
0.47999998927116394 221 1 0
0.47999998927116394 97 45 0
0.47999998927116394 67 98 1
0.47999998927116394 93 47 0
0.47999998927116394 226 11 0
0.47999998927116394 59 78 1
0.47999998927116394 103 42 0
0.47999998927116394 109 39 0
0.47999998927116394 187 1 1
0.47999998927116394 56 76 1
0.47999998927116394 87 137 1
0.47999998927116394 223 4 0
0.47999998927116394 61 86 1
0.47999998927116394 176 7 1
0.47999998927116394 177 5 1
0.47999998927116394 86 51 0
0.47999998927116394 229 17 0
0.47999998927116394 239 38 0
0.47999998927116394 68 100 1
0.47999998927116394 226 12 0
0.47999998927116394 231 21 0
0.47999998927116394 84 52 0
0.47999998927116394 222 3 0
0.47999998927116394 55 74 1
0.47999998927116394 108 39 0
0.47999998927116394 227 13 0
0.47999998927116394 67 60 0
0.47999998927116394 57 78 1
0.47999998927116394 233 25 0
0.47999998927116394 229 18 0
0.4899999797344208 60 63 0
0.4899999797344208 91 48 0
0.4899999797344208 234 28 0
0.4899999797344208 232 23 0
0.4899999797344208 78 119 1
0.4899999797344208 223 5 0
0.4899999797344208 57 76 1
0.4899999797344208 89 49 0
0.4899999797344208 228 16 0
0.4899999797344208 233 25 0
0.4899999797344208 230 20 0
0.4899999797344208 56 66 0
0.4899999797344208 60 84 1
0.4899999797344208 111 38 0
0.4899999797344208 64 92 1
0.4899999797344208 69 59 0
0.4899999797344208 157 15 1
0.4899999797344208 54 71 1
0.4899999797344208 231 22 0
0.4899999797344208 81 125 1
0.4899999797344208 110 38 0
0.4899999797344208 92 47 0
0.4899999797344208 63 63 0
0.4899999797344208 75 113 1
0.4899999797344208 63 90 1
0.4899999797344208 166 11 1
0.4899999797344208 90 49 0
0.4899999797344208 97 46 0
0.4899999797344208 88 138 1
0.4899999797344208 221 2 0
0.4899999797344208 230 16 0
0.4899999797344208 59 82 1
0.5 229 17 0
0.5 232 24 0
0.5 111 37 0
0.5 98 45 0
0.5 92 146 1
0.5 78 54 0
0.5 53 69 1
0.5 238 35 0
0.5 60 64 0
0.5 234 27 0
0.5 74 57 0
0.5 81 53 0
0.5 84 51 0
0.5 179 4 1
0.5 235 29 0
0.5 60 83 1
0.5 236 31 0
0.5 86 50 0
0.5 222 2 0
0.5 227 14 0
0.5 239 37 0
0.5 59 81 1
0.5 65 91 1
0.5 228 15 0
0.5 112 38 0
0.5 188 0 1
0.5 85 132 1
0.5 59 80 1
0.5 224 8 0
0.5 105 41 0
0.5 183 2 1
0.5 225 9 0
0.5 82 127 1
0.5 226 9 1
0.5 61 85 1
0.5 57 65 0
0.5 90 143 1
0.5099999904632568 71 59 0
0.5099999904632568 113 37 0
0.5099999904632568 94 47 0
0.5099999904632568 96 46 0
0.5099999904632568 55 71 1
0.5099999904632568 114 36 0
0.5099999904632568 180 4 1
0.5099999904632568 65 94 1
0.5099999904632568 68 99 1
0.5099999904632568 178 5 1
0.5099999904632568 71 105 1
0.5099999904632568 67 97 1
0.5099999904632568 77 117 1
0.5099999904632568 54 67 0
0.5099999904632568 73 109 1
0.5099999904632568 221 1 0
0.5099999904632568 168 10 1
0.5099999904632568 237 34 0
0.5099999904632568 228 14 0
0.5099999904632568 233 26 0
0.5099999904632568 101 43 0
0.5099999904632568 54 72 1
0.5099999904632568 222 3 0
0.5099999904632568 82 126 1
0.5099999904632568 237 33 0
0.5099999904632568 225 10 0
0.5099999904632568 181 3 1
0.5099999904632568 226 11 0
0.5099999904632568 65 62 0
0.5099999904632568 236 32 0
0.5099999904632568 104 42 0
0.5199999809265137 186 1 1
0.5199999809265137 227 13 0
0.5199999809265137 177 6 1
0.5199999809265137 238 36 0
0.5199999809265137 230 17 1
0.5199999809265137 179 1 1
0.5199999809265137 166 10 1
0.5199999809265137 223 6 0
0.5199999809265137 55 73 1
0.5199999809265137 235 30 0
0.5199999809265137 227 15 0
0.5199999809265137 72 58 0
0.5199999809265137 225 11 0
0.5199999809265137 161 13 1
0.5199999809265137 170 9 1
0.5199999809265137 116 36 0
0.5199999809265137 73 110 1
0.5199999809265137 220 1 0
0.5199999809265137 73 58 0
0.5199999809265137 55 67 0
0.5199999809265137 233 25 0
0.5199999809265137 171 9 1
0.5199999809265137 231 22 0
0.5199999809265137 185 1 1
0.5199999809265137 238 33 1
0.5199999809265137 222 4 0
0.5199999809265137 77 56 0
0.5199999809265137 67 98 1
0.5199999809265137 79 121 1
0.5199999809265137 71 106 1
0.5199999809265137 107 40 0
0.5299999713897705 235 28 0
0.5299999713897705 61 63 0
0.5299999713897705 171 8 1
0.5299999713897705 108 40 0
0.5299999713897705 62 88 1
0.5299999713897705 76 115 1
0.5299999713897705 158 14 1
0.5299999713897705 82 53 0
0.5299999713897705 72 108 1
0.5299999713897705 53 70 1
0.5299999713897705 110 39 0
0.5299999713897705 56 75 1
0.5299999713897705 80 122 1
0.5299999713897705 162 13 1
0.5299999713897705 78 55 0
0.5299999713897705 103 42 0
0.5299999713897705 99 45 0
0.5299999713897705 87 51 0
0.5299999713897705 83 129 1
0.5299999713897705 70 103 1
0.5299999713897705 56 76 1
0.5299999713897705 79 55 0
0.5299999713897705 55 72 1
0.5299999713897705 234 26 0
0.5299999713897705 220 0 0
0.5299999713897705 222 5 0
0.5299999713897705 64 62 0
0.5299999713897705 228 15 0
0.5299999713897705 84 129 1
0.5299999713897705 58 65 0
0.5399999618530273 187 0 1
0.5399999618530273 85 133 1
0.5399999618530273 77 55 0
0.5399999618530273 221 3 0
0.5399999618530273 175 6 1
0.5399999618530273 239 37 0
0.5399999618530273 76 116 1
0.5399999618530273 63 63 0
0.5399999618530273 81 126 1
0.5399999618530273 231 20 0
0.5399999618530273 223 7 0
0.5399999618530273 83 130 1
0.5399999618530273 89 50 0
0.5399999618530273 59 65 0
0.5399999618530273 69 102 1
0.5399999618530273 237 33 0
0.5399999618530273 62 87 1
0.5399999618530273 64 91 1
0.5399999618530273 74 111 1
0.5399999618530273 224 9 0
0.5399999618530273 95 46 0
0.5399999618530273 62 63 0
0.5399999618530273 231 21 0
0.5399999618530273 230 19 0
0.5399999618530273 172 8 1
0.5399999618530273 100 44 0
0.5399999618530273 88 50 0
0.5399999618530273 77 118 1
0.5399999618530273 92 48 0
0.5399999618530273 75 114 1
0.5399999618530273 91 49 0
0.5399999618530273 174 7 1
0.5399999618530273 85 52 0
0.5399999618530273 225 7 0
0.5399999618530273 230 18 0
0.5399999618530273 79 122 1
0.5399999618530273 63 88 1
0.5399999618530273 75 57 0
0.5399999618530273 221 2 0
0.5399999618530273 118 35 0
0.550000011920929 69 100 1
0.550000011920929 11 123 0
0.550000011920929 176 6 1
0.550000011920929 61 84 1
0.550000011920929 229 130 0
0.550000011920929 70 104 1
0.550000011920929 80 54 0
0.550000011920929 88 139 1
0.550000011920929 235 29 0
0.550000011920929 60 82 1
0.550000011920929 69 101 1
0.550000011920929 156 16 1
0.550000011920929 177 5 1
0.550000011920929 66 61 0
0.550000011920929 173 7 1
0.550000011920929 180 4 1
0.550000011920929 57 77 1
0.550000011920929 69 60 0
0.550000011920929 189 0 1
0.550000011920929 61 64 0
0.550000011920929 234 27 0
0.550000011920929 224 7 0
0.550000011920929 54 70 1
0.550000011920929 226 12 0
0.550000011920929 71 104 1
0.550000011920929 232 23 0
0.550000011920929 63 89 1
0.550000011920929 58 79 1
0.550000011920929 229 18 0
0.550000011920929 95 45 0
0.5600000023841858 81 54 0
0.5600000023841858 144 39 0
0.5600000023841858 223 6 0
0.5600000023841858 185 2 1
0.5600000023841858 236 31 0
0.5600000023841858 226 13 0
0.5600000023841858 73 108 1
0.5600000023841858 65 94 1
0.5600000023841858 222 4 0
0.5600000023841858 228 16 0
0.5600000023841858 229 130 1
0.5600000023841858 160 14 1
0.5600000023841858 230 21 0
0.5600000023841858 224 8 0
0.5600000023841858 65 93 1
0.5600000023841858 80 124 1
0.5600000023841858 65 92 1
0.5600000023841858 220 0 0
0.5600000023841858 58 80 1
0.5600000023841858 75 112 1
0.5600000023841858 228 17 0
0.5600000023841858 68 60 0
0.5600000023841858 67 96 1
0.5600000023841858 102 43 0
0.5600000023841858 55 74 1
0.5600000023841858 237 35 0
0.5600000023841858 230 20 0
0.5600000023841858 234 28 0
0.5600000023841858 171 5 1
0.5600000023841858 238 35 0
0.5600000023841858 64 90 1
0.5600000023841858 106 41 0
0.5600000023841858 66 96 1
0.5600000023841858 117 35 0
0.5600000023841858 61 86 1
0.5699999928474426 231 23 0
0.5699999928474426 83 53 0
0.5699999928474426 227 14 0
0.5699999928474426 70 100 1
0.5699999928474426 56 76 1
0.5699999928474426 76 56 0
0.5699999928474426 152 17 1
0.5699999928474426 59 82 1
0.5699999928474426 183 2 1
0.5699999928474426 67 61 0
0.5699999928474426 158 15 1
0.5699999928474426 68 100 1
0.5699999928474426 164 12 1
0.5699999928474426 111 38 0
0.5699999928474426 161 14 1
0.5699999928474426 89 142 1
0.5699999928474426 93 48 0
0.5699999928474426 169 9 1
0.5699999928474426 67 98 1
0.5699999928474426 173 5 0
0.5699999928474426 165 11 1
0.5699999928474426 60 84 1
0.5699999928474426 88 140 1
0.5699999928474426 181 3 1
0.5799999833106995 54 73 1
0.5799999833106995 61 85 1
0.5799999833106995 186 0 1
0.5799999833106995 64 92 1
0.5799999833106995 231 22 0
0.5799999833106995 233 24 0
0.5799999833106995 75 113 1
0.5799999833106995 80 123 1
0.5799999833106995 109 35 1
0.5799999833106995 239 37 0
0.5799999833106995 57 66 0
0.5799999833106995 222 3 0
0.5799999833106995 66 93 1
0.5799999833106995 115 36 0
0.5799999833106995 228 15 0
0.5799999833106995 105 42 0
0.5799999833106995 65 94 1
0.5799999833106995 232 24 0
0.5799999833106995 233 27 0
0.5799999833106995 57 78 1
0.5799999833106995 236 32 0
0.5799999833106995 221 2 0
0.5799999833106995 163 12 1
0.5799999833106995 72 107 1
0.5799999833106995 65 61 0
0.5799999833106995 60 83 1
0.5799999833106995 229 19 0
0.5799999833106995 179 4 1
0.5899999737739563 182 2 1
0.5899999737739563 223 6 0
0.5899999737739563 74 112 1
0.5899999737739563 227 13 0
0.5899999737739563 233 26 0
0.5899999737739563 187 0 1
0.5899999737739563 58 81 1
0.5899999737739563 66 95 1
0.5899999737739563 167 10 1
0.5899999737739563 238 37 0
0.5899999737739563 234 29 0
0.5899999737739563 84 131 1
0.5899999737739563 122 33 0
0.5899999737739563 177 5 1
0.5899999737739563 116 35 0
0.5899999737739563 54 72 1
0.5899999737739563 228 16 0
0.5899999737739563 220 1 0
0.5899999737739563 229 18 0
0.5899999737739563 232 25 0
0.5899999737739563 72 106 1
0.5899999737739563 107 33 1
0.5899999737739563 73 58 0
0.5899999737739563 101 44 0
0.5899999737739563 226 12 0
0.5899999737739563 184 1 1
0.5899999737739563 63 90 1
0.5899999737739563 87 138 1
0.5899999737739563 82 128 1
0.5999999642372131 62 89 1
0.5999999642372131 152 18 1
0.5999999642372131 93 45 1
0.5999999642372131 236 33 0
0.5999999642372131 222 4 0
0.5999999642372131 56 74 1
0.5999999642372131 74 110 1
0.5999999642372131 234 28 0
0.5999999642372131 94 150 1
0.5999999642372131 109 39 0
0.5999999642372131 113 37 0
0.5999999642372131 105 41 0
0.5999999642372131 56 76 1
0.5999999642372131 184 2 1
0.5999999642372131 114 37 0
0.5999999642372131 180 3 1
0.5999999642372131 175 6 1
0.5999999642372131 56 75 1
0.5999999642372131 70 102 1
0.5999999642372131 85 134 1
0.5999999642372131 78 120 1
0.5999999642372131 54 67 0
0.5999999642372131 53 71 1
0.5999999642372131 237 34 0
0.5999999642372131 103 43 0
0.5999999642372131 53 67 0
0.5999999642372131 73 109 1
0.5999999642372131 54 71 1
0.5999999642372131 95 47 0
0.5999999642372131 72 58 0
0.5999999642372131 79 120 1
0.5999999642372131 56 66 0
0.5999999642372131 98 45 0
0.5999999642372131 84 52 0
0.5999999642372131 225 9 0
0.5999999642372131 230 20 0
0.6100000143051147 231 22 0
0.6100000143051147 57 79 1
0.6100000143051147 90 49 0
0.6100000143051147 238 34 0
0.6100000143051147 225 10 0
0.6100000143051147 66 97 1
0.6100000143051147 55 66 0
0.6100000143051147 53 70 1
0.6100000143051147 55 74 1
0.6100000143051147 185 1 1
0.6100000143051147 239 36 0
0.6100000143051147 87 51 0
0.6100000143051147 60 64 0
0.6100000143051147 96 42 0
0.6100000143051147 83 52 0
0.6100000143051147 56 77 1
0.6100000143051147 89 141 1
0.6100000143051147 70 59 0
0.6100000143051147 220 0 0
0.6100000143051147 55 73 1
0.6100000143051147 59 81 1
0.6100000143051147 64 93 1
0.6100000143051147 149 19 1
0.6100000143051147 119 34 0
0.6100000143051147 239 38 0
0.6100000143051147 170 9 1
0.6100000143051147 224 8 0
0.6100000143051147 62 64 0
0.6100000143051147 235 30 0
0.6100000143051147 180 3 1
0.6100000143051147 102 42 0
0.6100000143051147 112 38 0
0.6100000143051147 84 128 1
0.6100000143051147 150 19 1
0.6100000143051147 232 24 0
0.6200000047683716 233 25 0
0.6200000047683716 97 159 0
0.6200000047683716 73 110 1
0.6200000047683716 182 2 1
0.6200000047683716 225 11 0
0.6200000047683716 238 36 0
0.6200000047683716 221 1 0
0.6200000047683716 222 5 0
0.6200000047683716 81 124 1
0.6200000047683716 221 2 0
0.6200000047683716 96 46 0
0.6200000047683716 70 60 0
0.6200000047683716 64 62 0
0.6200000047683716 77 56 0
0.6200000047683716 104 42 0
0.6200000047683716 55 75 1
0.6200000047683716 85 51 0
0.6200000047683716 227 14 0
0.6200000047683716 99 44 0
0.6200000047683716 184 1 1
0.6200000047683716 166 10 1
0.6200000047683716 229 17 0
0.6200000047683716 57 76 1
0.6200000047683716 84 132 1
0.6200000047683716 81 125 1
0.6200000047683716 55 67 0
0.6200000047683716 157 15 1
0.6299999952316284 176 5 1
0.6299999952316284 233 26 0
0.6299999952316284 227 15 0
0.6299999952316284 63 63 0
0.6299999952316284 222 4 0
0.6299999952316284 83 130 1
0.6299999952316284 223 5 0
0.6299999952316284 58 78 1
0.6299999952316284 221 3 0
0.6299999952316284 91 49 0
0.6299999952316284 236 32 0
0.6299999952316284 65 94 1
0.6299999952316284 180 3 1
0.6299999952316284 183 2 1
0.6299999952316284 61 64 0
0.6299999952316284 81 126 1
0.6299999952316284 66 94 1
0.6299999952316284 151 19 1
0.6299999952316284 231 22 0
0.6299999952316284 64 91 1
0.6299999952316284 178 4 1
0.6299999952316284 229 11 1
0.6299999952316284 235 29 0
0.6299999952316284 220 0 0
0.6299999952316284 174 6 1
0.6399999856948853 66 96 1
0.6399999856948853 58 66 0
0.6399999856948853 77 117 1
0.6399999856948853 120 34 0
0.6399999856948853 67 98 1
0.6399999856948853 71 105 1
0.6399999856948853 219 0 0
0.6399999856948853 59 83 1
0.6399999856948853 58 80 1
0.6399999856948853 71 59 0
0.6399999856948853 223 7 0
0.6399999856948853 53 68 0
0.6399999856948853 181 3 1
0.6399999856948853 60 65 0
0.6399999856948853 70 105 1
0.6399999856948853 65 95 1
0.6399999856948853 69 102 1
0.6399999856948853 237 35 0
0.6399999856948853 61 86 1
0.6399999856948853 52 69 1
0.6399999856948853 188 0 1
0.6399999856948853 223 6 0
0.6399999856948853 56 67 0
0.6399999856948853 109 40 0
0.6399999856948853 235 31 0
0.6399999856948853 68 99 1
0.6399999856948853 173 7 1
0.6399999856948853 182 3 1
0.6399999856948853 123 32 0
0.6399999856948853 224 8 0
0.6499999761581421 53 71 1
0.6499999761581421 74 57 0
0.6499999761581421 73 57 0
0.6499999761581421 75 57 0
0.6499999761581421 75 114 1
0.6499999761581421 121 33 0
0.6499999761581421 226 12 0
0.6499999761581421 62 88 1
0.6499999761581421 76 115 1
0.6499999761581421 58 65 0
0.6499999761581421 65 62 0
0.6499999761581421 229 18 0
0.6499999761581421 78 119 1
0.6499999761581421 234 28 0
0.6499999761581421 161 13 1
0.6499999761581421 237 34 0
0.6499999761581421 71 106 1
0.6499999761581421 236 30 0
0.6499999761581421 221 2 0
0.6499999761581421 59 82 1
0.6499999761581421 63 89 1
0.6499999761581421 56 76 1
0.6499999761581421 71 107 1
0.6499999761581421 89 140 1
0.6499999761581421 163 13 1
0.6499999761581421 63 91 1
0.6499999761581421 74 118 1
0.6499999761581421 228 16 0
0.6499999761581421 54 72 1
0.6499999761581421 107 40 0
0.6499999761581421 220 2 0
0.6499999761581421 64 92 1
0.6499999761581421 59 65 0
0.6499999761581421 67 97 1
0.6499999761581421 172 7 1
0.6499999761581421 230 21 0
0.6499999761581421 60 85 1
0.6499999761581421 224 9 0
0.6499999761581421 155 16 1
0.6499999761581421 226 9 0
0.6499999761581421 60 84 1
0.6499999761581421 186 0 1
0.6499999761581421 93 47 0
0.6599999666213989 68 61 0
0.6599999666213989 171 8 1
0.6599999666213989 81 54 0
0.6599999666213989 89 139 1
0.6599999666213989 154 17 1
0.6599999666213989 63 90 1
0.6599999666213989 54 68 0
0.6599999666213989 68 101 1
0.6599999666213989 69 101 1
0.6599999666213989 148 20 1
0.6599999666213989 239 38 0
0.6599999666213989 225 10 0
0.6599999666213989 52 70 1
0.6599999666213989 166 11 1
0.6599999666213989 221 4 0
0.6599999666213989 226 13 0
0.6599999666213989 168 9 1
0.6599999666213989 222 6 0
0.6599999666213989 57 79 1
0.6599999666213989 91 146 1
0.6599999666213989 230 20 0
0.6599999666213989 178 145 1
0.6599999666213989 79 55 0
0.6700000166893005 75 56 0
0.6700000166893005 61 87 1
0.6700000166893005 220 1 0
0.6700000166893005 97 46 0
0.6700000166893005 92 147 1
0.6700000166893005 80 54 0
0.6700000166893005 54 73 1
0.6700000166893005 236 32 0
0.6700000166893005 83 129 1
0.6700000166893005 74 112 1
0.6700000166893005 80 124 1
0.6700000166893005 228 18 0
0.6700000166893005 235 30 0
0.6700000166893005 232 24 0
0.6700000166893005 64 93 1
0.6700000166893005 227 15 0
0.6700000166893005 78 55 0
0.6700000166893005 57 78 1
0.6700000166893005 71 59 0
0.6700000166893005 165 11 1
0.6700000166893005 170 8 1
0.6700000166893005 226 14 0
0.6700000166893005 178 5 1
0.6700000166893005 70 58 0
0.6700000166893005 79 121 1
0.6700000166893005 67 61 0
0.6700000166893005 225 11 0
0.6700000166893005 74 58 0
0.6700000166893005 231 22 0
0.6700000166893005 178 145 0
0.6700000166893005 56 66 0
0.6700000166893005 72 108 1
0.6700000166893005 66 61 0
0.6700000166893005 107 41 0
0.6700000166893005 88 50 0
0.6700000166893005 73 58 0
0.6700000166893005 55 74 1
0.6700000166893005 68 98 1
0.6800000071525574 79 122 1
0.6800000071525574 62 87 1
0.6800000071525574 164 11 1
0.6800000071525574 78 56 0
0.6800000071525574 82 53 0
0.6800000071525574 90 142 1
0.6800000071525574 151 18 1
0.6800000071525574 229 19 0
0.6800000071525574 228 16 0
0.6800000071525574 82 54 0
0.6800000071525574 119 34 0
0.6800000071525574 68 100 1
0.6800000071525574 231 21 0
0.6800000071525574 169 9 1
0.6800000071525574 238 36 0
0.6800000071525574 225 12 0
0.6800000071525574 86 51 0
0.6800000071525574 166 10 1
0.6800000071525574 76 116 1
0.6800000071525574 80 121 1
0.6800000071525574 64 63 0
0.6800000071525574 97 45 0
0.6800000071525574 55 75 1
0.6800000071525574 56 77 1
0.6850000023841858 107 177 0
0.6850000023841858 105 172 0
0.6850000023841858 149 20 1
0.6850000023841858 81 126 1
0.6850000023841858 92 48 0
0.6850000023841858 177 5 1
0.6850000023841858 233 27 0
0.6850000023841858 166 10 1
0.6850000023841858 62 64 0
0.6850000023841858 66 62 0
0.6850000023841858 68 60 0
0.6850000023841858 69 60 0
0.6850000023841858 73 111 1
0.6850000023841858 222 5 0
0.6850000023841858 221 3 0
0.6850000023841858 229 18 0
0.6850000023841858 65 94 1
0.6850000023841858 76 57 0
0.6850000023841858 220 1 0
0.6850000023841858 146 21 1
0.6850000023841858 223 7 0
0.6850000023841858 223 8 0
0.6850000023841858 100 51 0
0.6850000023841858 224 10 0
0.6850000023841858 57 66 0
0.6850000023841858 104 42 0
0.6850000023841858 70 104 1
0.6850000023841858 159 12 0
0.6850000023841858 72 59 0
0.6899999976158142 166 10 1
0.6949999928474426 232 24 0
0.6949999928474426 100 51 1
0.6949999928474426 76 56 0
0.6949999928474426 179 4 1
0.6949999928474426 95 153 1
0.6949999928474426 69 103 1
0.6949999928474426 172 8 1
0.6949999928474426 239 38 0
0.6949999928474426 231 22 0
0.6949999928474426 61 64 0
0.6949999928474426 168 9 1
0.6949999928474426 62 88 1
0.6949999928474426 86 135 1
0.6949999928474426 77 118 1
0.6949999928474426 53 70 1
0.6949999928474426 233 26 0
0.6949999928474426 57 77 1
0.6949999928474426 70 60 0
0.6949999928474426 237 33 0
0.6949999928474426 83 128 1
0.6949999928474426 58 81 1
0.6949999928474426 53 71 1
0.6949999928474426 85 52 0
0.6949999928474426 63 63 0
0.6949999928474426 70 103 1
0.6949999928474426 62 89 1
0.6949999928474426 234 28 0
0.6949999928474426 91 48 0
0.6949999928474426 166 10 1
0.6949999928474426 66 97 1
0.6949999928474426 231 23 0
0.6949999928474426 230 20 0
0.6949999928474426 175 6 1
0.6949999928474426 62 63 0
0.6949999928474426 99 45 0
0.6949999928474426 64 62 0
0.6949999928474426 182 2 1
0.6949999928474426 67 98 1
0.699999988079071 100 51 1
0.7099999785423279 142 22 1
0.7099999785423279 60 83 1
0.7099999785423279 184 1 1
0.7099999785423279 72 58 0
0.7099999785423279 57 79 1
0.7099999785423279 56 76 1
0.7099999785423279 162 13 1
0.7099999785423279 162 12 1
0.7099999785423279 60 85 1
0.7099999785423279 235 28 1
0.7099999785423279 239 39 0
0.7099999785423279 67 99 1
0.7099999785423279 159 13 1
0.7099999785423279 222 6 0
0.7099999785423279 234 29 0
0.7099999785423279 180 3 1
0.7099999785423279 224 9 0
0.7099999785423279 87 137 1
0.7099999785423279 166 10 1
0.7099999785423279 64 93 1
0.7099999785423279 63 91 1
0.7099999785423279 74 113 1
0.7099999785423279 82 127 1
0.7099999785423279 226 11 0
0.7099999785423279 156 16 1
0.7099999785423279 174 6 1
0.7099999785423279 227 14 0
0.7199999690055847 237 35 0
0.7199999690055847 61 85 1
0.7199999690055847 187 0 1
0.7199999690055847 60 84 1
0.7199999690055847 65 93 1
0.7199999690055847 227 15 0
0.7199999690055847 239 37 0
0.7199999690055847 222 4 0
0.7199999690055847 225 11 0
0.7199999690055847 102 43 0
0.7199999690055847 54 72 1
0.7199999690055847 69 102 1
0.7199999690055847 83 53 0
0.7199999690055847 226 12 0
0.7199999690055847 231 22 0
0.7199999690055847 73 109 1
0.7199999690055847 222 5 0
0.7199999690055847 146 20 1
0.7199999690055847 94 151 1
0.7199999690055847 157 15 1
0.7199999690055847 228 17 0
0.7199999690055847 220 0 0
0.7199999690055847 220 1 0
0.7199999690055847 164 11 1
0.7199999690055847 163 12 1
0.7199999690055847 77 56 0
0.7199999690055847 78 121 1
0.7199999690055847 68 101 1
0.7199999690055847 60 64 0
0.7199999690055847 227 16 0
0.7199999690055847 159 14 1
0.7199999690055847 59 84 1
0.7199999690055847 94 47 0
0.7199999690055847 72 107 1
0.7199999690055847 75 113 1
0.7199999690055847 82 128 1
0.7300000190734863 219 0 0
0.7300000190734863 56 77 1
0.7300000190734863 85 133 1
0.7300000190734863 88 51 0
0.7300000190734863 180 4 1
0.7300000190734863 226 13 0
0.7300000190734863 58 79 1
0.7300000190734863 66 96 1
0.7300000190734863 230 21 0
0.7300000190734863 89 50 0
0.7300000190734863 169 10 1
0.7300000190734863 227 15 0
0.7300000190734863 233 25 0
0.7300000190734863 178 4 1
0.7300000190734863 80 55 0
0.7300000190734863 238 37 0
0.7300000190734863 93 150 1
0.7300000190734863 166 10 1
0.7300000190734863 236 32 0
0.7300000190734863 223 7 0
0.7300000190734863 84 131 1
0.7300000190734863 237 34 0
0.7300000190734863 160 13 1
0.7300000190734863 186 0 1
0.7300000190734863 65 94 1
0.7300000190734863 75 57 0
0.7300000190734863 117 35 0
0.7400000095367432 236 33 0
0.7400000095367432 80 54 0
0.7400000095367432 235 30 0
0.7400000095367432 64 92 1
0.7400000095367432 84 52 0
0.7400000095367432 111 39 0
0.7400000095367432 55 67 0
0.7400000095367432 235 31 0
0.7400000095367432 59 83 1
0.7400000095367432 93 48 0
0.7400000095367432 80 123 1
0.7400000095367432 90 143 1
0.7400000095367432 63 90 1
0.7400000095367432 12 69 1
0.7400000095367432 73 110 1
0.7400000095367432 55 76 1
0.7400000095367432 221 2 0
0.7400000095367432 61 87 1
0.7400000095367432 67 61 0
0.7400000095367432 84 51 1
0.7400000095367432 106 41 0
0.7400000095367432 73 58 0
0.7400000095367432 53 68 0
0.7400000095367432 221 3 0
0.7400000095367432 106 174 0
0.7400000095367432 74 111 1
0.7400000095367432 56 67 0
0.7400000095367432 102 44 0
0.7400000095367432 58 66 0
0.7400000095367432 162 12 1
0.7400000095367432 65 95 1
0.7400000095367432 108 178 0
0.7400000095367432 71 106 1
0.7400000095367432 233 26 0
0.7400000095367432 172 7 1
0.7400000095367432 186 1 1
0.7400000095367432 232 26 0
0.7400000095367432 234 28 0
0.7400000095367432 122 33 0
0.75 100 45 0
0.75 238 36 0
0.75 238 27 1
0.75 72 109 1
0.75 53 72 1
0.75 232 24 0
0.75 173 6 1
0.75 84 130 1
0.75 89 49 0
0.75 236 29 1
0.75 221 4 0
0.75 176 5 1
0.75 61 65 0
0.75 108 40 0
0.75 75 115 1
0.75 59 82 1
0.75 87 136 1
0.75 87 51 0
0.75 67 98 1
0.75 64 91 1
0.75 78 120 1
0.75 167 10 1
0.75 65 63 0
0.75 147 20 1
0.75 71 107 1
0.75 79 55 0
0.75 55 75 1
0.7599999904632568 224 8 0
0.7599999904632568 236 32 0
0.7599999904632568 227 15 0
0.7599999904632568 97 156 1
0.7599999904632568 56 76 1
0.7599999904632568 64 61 1
0.7599999904632568 100 44 0
0.7599999904632568 229 19 0
0.7599999904632568 219 0 0
0.7599999904632568 86 52 0
0.7599999904632568 125 31 0
0.7599999904632568 77 116 1
0.7599999904632568 220 2 0
0.7599999904632568 54 67 0
0.7599999904632568 220 1 0
0.7599999904632568 237 34 0
0.7599999904632568 229 20 0
0.7599999904632568 58 82 1
0.7599999904632568 64 93 1
0.7599999904632568 81 125 1
0.7599999904632568 54 73 1
0.7599999904632568 76 114 1
0.7599999904632568 166 10 1
0.7599999904632568 180 3 1
0.7599999904632568 228 17 0
0.7599999904632568 225 11 0
0.7599999904632568 160 13 1
0.7599999904632568 54 68 0
0.7599999904632568 72 108 1
0.7599999904632568 14 18 1
0.7599999904632568 92 148 1
0.7599999904632568 239 38 0
0.7599999904632568 230 22 0
0.7599999904632568 86 134 1
0.7599999904632568 59 65 0
0.7599999904632568 221 5 0
0.7599999904632568 81 54 0
0.7599999904632568 183 2 1
0.7599999904632568 104 42 0
0.7599999904632568 58 80 1
0.7699999809265137 85 52 0
0.7699999809265137 62 64 0
0.7699999809265137 61 86 1
0.7699999809265137 64 63 0
0.7699999809265137 60 85 1
0.7699999809265137 84 53 0
0.7699999809265137 95 47 0
0.7699999809265137 236 34 0
0.7699999809265137 91 145 1
0.7699999809265137 60 65 0
0.7699999809265137 231 23 0
0.7699999809265137 156 15 1
0.7699999809265137 83 130 1
0.7699999809265137 74 57 0
0.7699999809265137 68 100 1
0.7699999809265137 89 142 1
0.7699999809265137 237 35 0
0.7699999809265137 56 78 1
0.7699999809265137 232 25 0
0.7699999809265137 222 5 0
0.7699999809265137 223 6 0
0.7699999809265137 222 6 0
0.7699999809265137 74 112 1
0.7699999809265137 54 74 1
0.7699999809265137 57 66 0
0.7699999809265137 81 126 1
0.7699999809265137 226 14 0
0.7699999809265137 75 114 1
0.7699999809265137 82 128 1
0.7699999809265137 111 36 1
0.7699999809265137 96 153 1
0.7699999809265137 73 59 0
0.7699999809265137 230 21 0
0.7699999809265137 70 105 1
0.7699999809265137 53 71 1
0.7799999713897705 237 36 0
0.7799999713897705 231 24 0
0.7799999713897705 60 86 1
0.7799999713897705 230 17 0
0.7799999713897705 181 3 1
0.7799999713897705 184 1 1
0.7799999713897705 223 7 0
0.7799999713897705 84 131 0
0.7799999713897705 63 92 1
0.7799999713897705 228 18 0
0.7799999713897705 72 59 0
0.7799999713897705 62 89 1
0.7799999713897705 96 46 0
0.7799999713897705 233 27 0
0.7799999713897705 233 28 0
0.7799999713897705 182 2 1
0.7799999713897705 58 81 1
0.7799999713897705 61 64 0
0.7799999713897705 58 66 0
0.7799999713897705 224 9 0
0.7799999713897705 223 8 0
0.7799999713897705 225 10 0
0.7799999713897705 59 84 1
0.7799999713897705 70 104 1
0.7799999713897705 239 26 0
0.7899999618530273 82 53 0
0.7899999618530273 63 63 0
0.7899999618530273 92 49 0
0.7899999618530273 64 93 1
0.7899999618530273 85 134 1
0.7899999618530273 108 179 0
0.7899999618530273 84 131 1
0.7899999618530273 68 61 0
0.7899999618530273 90 49 0
0.7899999618530273 178 4 1
0.7899999618530273 57 80 1
0.7899999618530273 56 67 0
0.7899999618530273 80 124 1
0.7899999618530273 226 15 0
0.7899999618530273 234 30 0
0.7899999618530273 110 39 0
0.7899999618530273 86 136 1
0.7899999618530273 185 0 1
0.7899999618530273 76 116 1
0.7899999618530273 78 56 0
0.7899999618530273 55 74 1
0.7899999618530273 238 36 0
0.7899999618530273 225 12 0
0.7899999618530273 185 1 1
0.7899999618530273 221 3 0
0.7899999618530273 55 68 0
0.7899999618530273 63 64 0
0.7899999618530273 90 50 0
0.7899999618530273 64 94 1
0.7899999618530273 177 5 1
0.800000011920929 226 13 0
0.800000011920929 224 10 0
0.800000011920929 175 6 1
0.800000011920929 79 122 1
0.800000011920929 229 19 0
0.800000011920929 76 117 1
0.800000011920929 53 72 1
0.800000011920929 91 49 0
0.800000011920929 65 94 1
0.800000011920929 65 95 1
0.800000011920929 221 4 0
0.800000011920929 229 18 0
0.800000011920929 180 3 1
0.800000011920929 153 17 1
0.800000011920929 123 32 0
0.800000011920929 74 58 0
0.800000011920929 98 45 0
0.800000011920929 161 13 1
0.800000011920929 82 129 1
0.800000011920929 66 97 1
0.800000011920929 65 62 0
0.800000011920929 186 0 1
0.800000011920929 71 59 0
0.800000011920929 68 101 1
0.800000011920929 97 157 1
0.800000011920929 70 60 0
0.800000011920929 63 91 1
0.800000011920929 57 78 1
0.800000011920929 77 119 1
0.800000011920929 228 16 0
0.800000011920929 90 144 1
0.800000011920929 223 9 0
0.800000011920929 59 83 1
0.800000011920929 234 29 0
0.8100000023841858 87 51 0
0.8100000023841858 168 10 1
0.8100000023841858 71 107 1
0.8100000023841858 225 12 0
0.8100000023841858 225 11 0
0.8100000023841858 66 62 0
0.8100000023841858 84 132 1
0.8100000023841858 230 20 0
0.8100000023841858 61 87 1
0.8100000023841858 124 32 0
0.8100000023841858 57 79 1
0.8100000023841858 230 21 0
0.8100000023841858 56 77 1
0.8100000023841858 239 38 0
0.8100000023841858 82 54 0
0.8100000023841858 226 14 0
0.8100000023841858 233 27 0
0.8100000023841858 103 43 0
0.8100000023841858 227 15 0
0.8100000023841858 232 25 0
0.8100000023841858 62 90 1
0.8100000023841858 185 0 1
0.8100000023841858 57 67 0
0.8100000023841858 220 1 0
0.8100000023841858 92 41 1
0.8100000023841858 219 1 0
0.8100000023841858 231 23 0
0.8100000023841858 219 0 0
0.8100000023841858 52 70 1
0.8199999928474426 222 5 0
0.8199999928474426 64 93 1
0.8199999928474426 228 17 0
0.8199999928474426 183 1 1
0.8199999928474426 115 37 0
0.8199999928474426 71 105 1
0.8199999928474426 59 65 0
0.8199999928474426 70 101 1
0.8199999928474426 69 103 1
0.8199999928474426 174 7 1
0.8199999928474426 220 2 0
0.8199999928474426 234 28 0
0.8199999928474426 59 84 1
0.8199999928474426 184 1 1
0.8199999928474426 170 8 1
0.8199999928474426 59 66 0
0.8199999928474426 55 76 1
0.8199999928474426 168 9 1
0.8199999928474426 237 34 0
0.8199999928474426 220 3 0
0.8199999928474426 166 10 1
0.8199999928474426 224 9 0
0.8199999928474426 173 7 1
0.8199999928474426 58 82 1
0.8199999928474426 67 61 0
0.8199999928474426 73 111 1
0.8199999928474426 140 23 1
0.8299999833106995 116 36 0
0.8299999833106995 62 64 0
0.8299999833106995 238 38 0
0.8299999833106995 68 102 1
0.8299999833106995 239 39 0
0.8299999833106995 69 60 0
0.8299999833106995 117 36 0
0.8299999833106995 154 16 1
0.8299999833106995 233 26 0
0.8299999833106995 112 38 0
0.8299999833106995 88 139 1
0.8299999833106995 67 99 1
0.8299999833106995 109 40 0
0.8299999833106995 170 9 1
0.8299999833106995 75 58 0
0.8299999833106995 171 8 1
0.8299999833106995 113 38 0
0.8299999833106995 96 154 1
0.8299999833106995 157 15 1
0.8299999833106995 81 126 1
0.8299999833106995 155 16 1
0.8299999833106995 88 140 1
0.8299999833106995 222 6 0
0.8299999833106995 227 15 0
0.8299999833106995 79 121 1
0.8299999833106995 77 56 0
0.8399999737739563 228 18 0
0.8399999737739563 227 16 0
0.8399999737739563 182 2 1
0.8399999737739563 181 2 1
0.8399999737739563 67 98 1
0.8399999737739563 61 88 1
0.8399999737739563 53 72 1
0.8399999737739563 73 58 0
0.8399999737739563 226 14 0
0.8399999737739563 65 97 1
0.8399999737739563 219 0 0
0.8399999737739563 74 113 1
0.8399999737739563 223 8 0
0.8399999737739563 221 5 0
0.8399999737739563 83 53 0
0.8399999737739563 91 144 1
0.8399999737739563 235 31 0
0.8399999737739563 54 74 1
0.8399999737739563 52 70 1
0.8399999737739563 60 85 1
0.8399999737739563 55 77 1
0.8399999737739563 79 123 1
0.8399999737739563 226 13 0
0.8399999737739563 93 48 0
0.8399999737739563 164 10 0
0.8399999737739563 55 67 0
0.8399999737739563 238 37 0
0.8399999737739563 176 2 1
0.8399999737739563 105 42 0
0.8399999737739563 92 48 0
0.8399999737739563 64 63 0
0.8399999737739563 60 84 1
0.8399999737739563 176 5 1
0.8399999737739563 68 61 0
0.8499999642372131 222 7 0
0.8499999642372131 75 57 0
0.8499999642372131 54 75 1
0.8499999642372131 80 125 1
0.8499999642372131 101 44 0
0.8499999642372131 54 73 1
0.8499999642372131 233 27 0
0.8499999642372131 54 68 0
0.8499999642372131 166 10 1
0.8499999642372131 221 4 0
0.8499999642372131 180 3 1
0.8499999642372131 85 134 1
0.8499999642372131 70 60 0
0.8499999642372131 179 4 1
0.8499999642372131 160 14 1
0.8499999642372131 230 22 0
0.8499999642372131 235 32 0
0.8499999642372131 236 33 0
0.8499999642372131 71 60 0
0.8499999642372131 139 24 1
0.8499999642372131 238 32 0
0.8499999642372131 76 57 0
0.8499999642372131 84 53 0
0.8499999642372131 224 11 0
0.8499999642372131 234 29 0
0.8600000143051147 172 7 1
0.8600000143051147 82 128 1
0.8600000143051147 183 1 1
0.8600000143051147 174 6 1
0.8600000143051147 56 78 1
0.8600000143051147 179 3 1
0.8600000143051147 55 75 1
0.8600000143051147 63 92 1
0.8600000143051147 165 11 1
0.8600000143051147 107 176 0
0.8600000143051147 98 25 0
0.8600000143051147 92 42 0
0.8600000143051147 58 82 1
0.8600000143051147 68 101 1
0.8600000143051147 186 0 1
0.8600000143051147 78 120 1
0.8600000143051147 73 58 0
0.8600000143051147 145 21 1
0.8600000143051147 97 46 0
0.8600000143051147 62 88 1
0.8600000143051147 222 6 0
0.8600000143051147 237 35 0
0.8600000143051147 60 86 1
0.8600000143051147 81 54 0
0.8600000143051147 80 124 1
0.8600000143051147 74 58 0
0.8600000143051147 65 94 1
0.8600000143051147 71 59 0
0.8600000143051147 63 64 0
0.8600000143051147 92 49 0
0.8600000143051147 85 133 1
0.8600000143051147 162 12 1
0.8600000143051147 171 7 1
0.8600000143051147 158 14 1
0.8600000143051147 229 19 0
0.8600000143051147 72 59 0
0.8700000047683716 69 61 0
0.8700000047683716 55 77 1
0.8700000047683716 149 19 1
0.8700000047683716 53 68 0
0.8700000047683716 228 18 0
0.8700000047683716 235 27 0
0.8700000047683716 229 20 0
0.8700000047683716 57 80 1
0.8700000047683716 98 25 1
0.8700000047683716 64 93 1
0.8700000047683716 88 51 0
0.8700000047683716 66 97 1
0.8700000047683716 71 106 1
0.8700000047683716 65 63 0
0.8700000047683716 63 90 1
0.8700000047683716 223 7 0
0.8700000047683716 52 71 1
0.8700000047683716 164 11 1
0.8700000047683716 68 100 1
0.8700000047683716 224 10 0
0.8700000047683716 55 68 0
0.8700000047683716 58 81 1
0.8700000047683716 227 15 0
0.8700000047683716 238 34 1
0.8700000047683716 70 105 1
0.8700000047683716 99 45 0
0.8700000047683716 59 84 1
0.8700000047683716 178 4 1
0.8700000047683716 221 5 0
0.8700000047683716 86 137 1
0.8700000047683716 61 65 0
0.8700000047683716 225 13 0
0.8700000047683716 230 21 0
0.8700000047683716 223 8 0
0.8700000047683716 232 26 0
0.8700000047683716 152 17 1
0.8799999952316284 64 94 1
0.8799999952316284 233 24 1
0.8799999952316284 72 110 1
0.8799999952316284 67 62 0
0.8799999952316284 95 47 0
0.8799999952316284 231 23 0
0.8799999952316284 219 0 0
0.8799999952316284 53 72 1
0.8799999952316284 98 45 0
0.8799999952316284 71 107 1
0.8799999952316284 66 98 1
0.8799999952316284 69 102 1
0.8799999952316284 88 50 0
0.8799999952316284 72 109 1
0.8799999952316284 150 19 1
0.8799999952316284 225 12 0
0.8799999952316284 89 50 0
0.8799999952316284 53 71 1
0.8799999952316284 181 2 1
0.8799999952316284 231 24 0
0.8799999952316284 235 31 0
0.8799999952316284 63 91 1
0.8799999952316284 238 37 0
0.8799999952316284 169 9 1
0.8799999952316284 53 73 1
0.8799999952316284 81 127 1
0.8799999952316284 77 117 1
0.8799999952316284 239 36 1
0.8799999952316284 150 18 1
0.8799999952316284 106 177 0
0.8799999952316284 69 99 1
0.8799999952316284 93 149 1
0.8799999952316284 151 18 1
0.8799999952316284 94 48 0
0.8899999856948853 56 67 0
0.8899999856948853 100 44 0
0.8899999856948853 226 15 0
0.8899999856948853 175 5 1
0.8899999856948853 177 4 1
0.8899999856948853 87 138 1
0.8899999856948853 64 92 1
0.8899999856948853 87 51 0
0.8899999856948853 102 43 0
0.8899999856948853 237 35 0
0.8899999856948853 79 122 1
0.8899999856948853 79 55 0
0.8899999856948853 67 100 1
0.8899999856948853 58 66 0
0.8899999856948853 69 104 1
0.8899999856948853 220 1 0
0.8899999856948853 60 65 0
0.8899999856948853 226 14 0
0.8899999856948853 114 37 0
0.8899999856948853 89 140 1
0.8899999856948853 166 10 1
0.8899999856948853 86 52 0
0.8899999856948853 225 11 0
0.8899999856948853 80 55 0
0.8899999856948853 78 55 0
0.8899999856948853 77 57 0
0.8899999856948853 176 6 1
0.8899999856948853 55 76 1
0.8899999856948853 75 114 1
0.8899999856948853 62 89 1
0.8899999856948853 220 2 0
0.8899999856948853 62 90 1
0.8899999856948853 180 3 1
0.8899999856948853 118 35 0
0.8999999761581421 81 55 0
0.8999999761581421 233 26 0
0.8999999761581421 228 17 0
0.8999999761581421 153 18 1
0.8999999761581421 76 116 1
0.8999999761581421 152 17 1
0.8999999761581421 156 15 1
0.8999999761581421 83 130 1
0.8999999761581421 55 77 1
0.8999999761581421 78 121 1
0.8999999761581421 236 33 0
0.8999999761581421 231 25 0
0.8999999761581421 219 0 0
0.8999999761581421 185 0 1
0.8999999761581421 73 111 1
0.8999999761581421 227 16 0
0.8999999761581421 237 35 0
0.8999999761581421 87 139 1
0.8999999761581421 58 82 1
0.8999999761581421 78 118 1
0.8999999761581421 72 108 1
0.8999999761581421 64 63 0
0.8999999761581421 59 66 0
0.8999999761581421 61 89 1
0.8999999761581421 60 87 1
0.8999999761581421 66 96 1
0.9099999666213989 75 57 0
0.9099999666213989 75 115 1
0.9099999666213989 220 3 0
0.9099999666213989 223 9 0
0.9099999666213989 221 4 0
0.9099999666213989 239 39 0
0.9099999666213989 219 1 0
0.9099999666213989 78 119 1
0.9099999666213989 59 84 1
0.9099999666213989 229 21 0
0.9099999666213989 71 108 1
0.9099999666213989 75 113 1
0.9099999666213989 227 17 0
0.9099999666213989 54 74 1
0.9099999666213989 91 146 1
0.9099999666213989 223 8 0
0.9099999666213989 96 47 0
0.9099999666213989 232 25 0
0.9099999666213989 53 72 1
0.9099999666213989 233 28 0
0.9099999666213989 66 62 0
0.9099999666213989 166 10 1
0.9099999666213989 85 52 0
0.9099999666213989 234 31 0
0.9099999666213989 222 5 0
0.9099999666213989 78 56 0
0.9200000166893005 74 112 1
0.9200000166893005 59 85 1
0.9200000166893005 230 21 0
0.9200000166893005 96 155 1
0.9200000166893005 159 14 1
0.9200000166893005 69 103 1
0.9200000166893005 222 6 0
0.9200000166893005 219 0 0
0.9200000166893005 230 22 0
0.9200000166893005 183 1 1
0.9200000166893005 57 81 1
0.9200000166893005 77 56 0
0.9200000166893005 235 30 0
0.9200000166893005 65 96 1
0.9200000166893005 96 156 1
0.9200000166893005 73 58 0
0.9200000166893005 232 26 0
0.9200000166893005 221 5 0
0.9200000166893005 187 0 1
0.9200000166893005 126 31 0
0.9200000166893005 56 79 1
0.9200000166893005 83 131 1
0.9200000166893005 142 23 1
0.9200000166893005 233 27 0
0.9200000166893005 228 18 0
0.9200000166893005 79 54 0
0.9200000166893005 55 77 1
0.9200000166893005 66 98 1
0.9300000071525574 65 95 1
0.9300000071525574 221 5 0
0.9300000071525574 88 138 1
0.9300000071525574 61 87 1
0.9300000071525574 89 141 1
0.9300000071525574 59 83 1
0.9300000071525574 69 61 0
0.9300000071525574 0 103 0
0.9300000071525574 73 110 1
0.9300000071525574 77 118 1
0.9300000071525574 63 92 1
0.9300000071525574 228 19 0
0.9300000071525574 54 75 1
0.9300000071525574 224 10 0
0.9300000071525574 56 68 0
0.9300000071525574 234 29 0
0.9300000071525574 173 6 1
0.9300000071525574 226 15 0
0.9300000071525574 57 67 0
0.9300000071525574 82 54 0
0.9300000071525574 98 46 0
0.9300000071525574 234 30 0
0.9300000071525574 220 2 0
0.9300000071525574 147 20 1
0.9300000071525574 81 54 0
0.9300000071525574 177 5 1
0.9300000071525574 85 135 1
0.9300000071525574 219 2 0
0.9300000071525574 55 68 0
0.9300000071525574 57 80 1
0.9300000071525574 77 119 1
0.9300000071525574 224 9 0
0.9300000071525574 160 13 1
0.9300000071525574 238 37 0
0.9399999976158142 144 22 1
0.9399999976158142 62 86 1
0.9399999976158142 221 4 0
0.9399999976158142 101 43 0
0.9399999976158142 183 1 1
0.9399999976158142 60 85 1
0.9399999976158142 69 104 1
0.9399999976158142 225 12 0
0.9399999976158142 71 60 0
0.9399999976158142 68 102 1
0.9399999976158142 58 83 1
0.9399999976158142 169 8 1
0.9399999976158142 224 11 0
0.9399999976158142 0 103 1
0.9399999976158142 62 64 0
0.9399999976158142 84 133 1
0.9399999976158142 238 38 0
0.9399999976158142 163 12 1
0.9399999976158142 84 132 1
0.9399999976158142 174 6 1
0.9399999976158142 237 35 0
0.9399999976158142 76 117 1
0.9399999976158142 226 14 0
0.9399999976158142 61 88 1
0.9399999976158142 74 58 0
0.9399999976158142 96 46 0
0.9399999976158142 104 42 0
0.9399999976158142 95 154 1
0.9399999976158142 70 59 0
0.9399999976158142 168 9 1
0.9399999976158142 222 7 0
0.9399999976158142 76 57 0
0.9399999976158142 68 101 1
0.9399999976158142 53 69 0
0.9399999976158142 70 106 1
0.9399999976158142 63 64 0
0.9399999976158142 95 152 1
0.9399999976158142 61 65 0
0.9399999976158142 171 7 1
0.949999988079071 86 136 1
0.949999988079071 55 77 1
0.949999988079071 80 123 1
0.949999988079071 64 93 1
0.949999988079071 223 8 0
0.949999988079071 167 10 1
0.949999988079071 93 48 0
0.949999988079071 59 84 1
0.949999988079071 172 7 1
0.949999988079071 227 16 0
0.949999988079071 225 13 0
0.949999988079071 83 54 0
0.949999988079071 54 136 0
0.949999988079071 166 10 1
0.949999988079071 86 51 0
0.949999988079071 91 49 0
0.949999988079071 162 12 1
0.949999988079071 160 13 1
0.949999988079071 226 13 0
0.949999988079071 181 2 1
0.949999988079071 222 6 0
0.949999988079071 234 30 0
0.949999988079071 60 66 0
0.949999988079071 182 2 1
0.949999988079071 73 59 0
0.949999988079071 218 0 0
0.949999988079071 79 56 0
0.949999988079071 52 71 1
0.949999988079071 231 23 0
0.949999988079071 81 126 1
0.9599999785423279 58 82 1
0.9599999785423279 56 67 0
0.9599999785423279 101 44 0
0.9599999785423279 71 107 1
0.9599999785423279 228 18 0
0.9599999785423279 169 7 0
0.9599999785423279 170 8 1
0.9599999785423279 237 36 0
0.9599999785423279 229 21 0
0.9599999785423279 80 125 1
0.9599999785423279 97 41 1
0.9599999785423279 65 94 1
0.9599999785423279 64 94 1
0.9599999785423279 148 19 1
0.9599999785423279 231 24 0
0.9599999785423279 54 136 1
0.9599999785423279 144 18 1
0.9599999785423279 229 20 0
0.9599999785423279 78 120 1
0.9599999785423279 174 5 1
0.9599999785423279 164 12 1
0.9599999785423279 223 9 0
0.9599999785423279 76 118 1
0.9599999785423279 62 90 1
0.9599999785423279 220 3 0
0.9599999785423279 220 4 0
0.9699999690055847 99 45 0
0.9699999690055847 219 1 0
0.9699999690055847 80 124 1
0.9699999690055847 224 11 0
0.9699999690055847 60 86 1
0.9699999690055847 67 62 0
0.9699999690055847 143 22 1
0.9699999690055847 103 43 0
0.9699999690055847 66 97 1
0.9699999690055847 60 87 1
0.9699999690055847 89 142 1
0.9699999690055847 65 63 0
0.9699999690055847 72 109 1
0.9699999690055847 84 53 0
0.9699999690055847 72 59 0
0.9699999690055847 53 73 1
0.9699999690055847 100 45 0
0.9699999690055847 67 100 1
0.9699999690055847 54 69 0
0.9699999690055847 70 104 1
0.9699999690055847 52 66 0
0.9699999690055847 90 50 0
0.9699999690055847 169 8 1
0.9699999690055847 236 34 0
0.9699999690055847 235 31 0
0.9699999690055847 54 68 0
0.9699999690055847 58 67 0
0.9699999690055847 226 14 0
0.9699999690055847 55 76 1
0.9699999690055847 224 10 0
0.9699999690055847 55 77 1
0.9699999690055847 66 95 1
0.9699999690055847 75 58 0
0.9699999690055847 59 85 1
0.9699999690055847 98 159 1
0.9699999690055847 80 55 0
0.9699999690055847 62 65 0
0.9800000190734863 67 99 1
0.9800000190734863 64 63 0
0.9800000190734863 82 128 1
0.9800000190734863 223 8 0
0.9800000190734863 221 6 0
0.9800000190734863 59 66 0
0.9800000190734863 104 43 0
0.9800000190734863 185 0 1
0.9800000190734863 184 1 1
0.9800000190734863 66 98 1
0.9800000190734863 166 10 1
0.9800000190734863 107 41 0
0.9800000190734863 72 110 1
0.9800000190734863 234 29 0
0.9800000190734863 236 32 0
0.9800000190734863 221 5 0
0.9800000190734863 63 93 1
0.9800000190734863 230 22 0
0.9800000190734863 62 91 1
0.9800000190734863 225 12 0
0.9800000190734863 56 77 1
0.9800000190734863 97 46 0
0.9800000190734863 236 33 0
0.9800000190734863 164 11 1
0.9800000190734863 233 28 0
0.9800000190734863 34 160 0
0.9800000190734863 230 23 0
0.9900000095367432 61 88 1
0.9900000095367432 52 72 1
0.9900000095367432 71 108 1
0.9900000095367432 228 17 0
0.9900000095367432 87 137 1
0.9900000095367432 232 26 0
0.9900000095367432 68 62 0
0.9900000095367432 222 7 0
0.9900000095367432 112 38 0
0.9900000095367432 77 57 0
0.9900000095367432 226 15 0
0.9900000095367432 55 77 1
0.9900000095367432 68 61 0
0.9900000095367432 171 7 1
0.9900000095367432 226 14 0
0.9900000095367432 181 2 1
0.9900000095367432 225 13 0
0.9900000095367432 173 6 1
0.9900000095367432 226 16 0
0.9900000095367432 65 96 1
0.9900000095367432 56 79 1
0.9900000095367432 176 5 1
0.9900000095367432 237 35 0
0.9900000095367432 56 78 1
0.9900000095367432 158 15 1
0.9900000095367432 83 130 1
0.9900000095367432 54 75 1
0.9900000095367432 27 102 0
0.9900000095367432 74 113 1
0.9900000095367432 180 3 1
0.9900000095367432 232 27 0
0.9900000095367432 183 1 1
0.9900000095367432 127 30 0
0.9900000095367432 75 116 1
