#!events.txt
# This is a text DVS created by v2e (see https://github.com/SensorsINI/v2e)
# Format is time (float s), x, y, polarity (0=off, 1=on) as specified at http://rpg.ifi.uzh.ch/davis_data.html
# Creation time: 05:23PM April 28 2022
# Creation time: System.currentTimeMillis() 1651134182100
# User name: oosim
0.03999999910593033 224 4 0
0.04999999701976776 82 52 0
0.04999999701976776 231 19 0
0.04999999701976776 71 103 1
0.04999999701976776 225 6 0
0.06000000238418579 66 93 1
0.06000000238418579 231 20 0
0.06000000238418579 226 9 0
0.06000000238418579 239 35 0
0.06000000238418579 232 21 0
0.06000000238418579 222 1 0
0.06000000238418579 238 34 0
0.06000000238418579 172 8 1
0.06000000238418579 239 36 0
0.06000000238418579 222 0 0
0.06000000238418579 233 23 0
0.06000000238418579 61 82 1
0.06000000238418579 60 80 1
0.07000000029802322 227 11 0
0.07000000029802322 229 15 0
0.07000000029802322 80 53 0
0.07000000029802322 238 33 0
0.07000000029802322 179 5 1
0.07000000029802322 175 7 1
0.07000000029802322 224 4 0
0.07000000029802322 237 32 0
0.07000000029802322 177 6 1
0.07000000029802322 55 70 1
0.07000000029802322 183 2 1
0.07000000029802322 174 7 1
0.07000000029802322 76 113 1
0.07999999821186066 237 31 0
0.07999999821186066 223 3 0
0.07999999821186066 182 1 1
0.07999999821186066 152 18 1
0.07999999821186066 224 5 0
0.07999999821186066 225 7 0
0.07999999821186066 236 29 0
0.07999999821186066 74 56 0
0.07999999821186066 190 0 1
0.07999999821186066 56 72 1
0.07999999821186066 234 25 0
0.07999999821186066 56 71 1
0.07999999821186066 228 13 0
0.07999999821186066 60 79 1
0.07999999821186066 232 22 0
0.07999999821186066 223 2 0
0.07999999821186066 61 62 0
0.08999999612569809 230 17 0
0.08999999612569809 55 71 1
0.08999999612569809 58 62 1
0.08999999612569809 173 8 1
0.08999999612569809 64 89 1
0.08999999612569809 66 92 1
0.08999999612569809 57 74 1
0.08999999612569809 226 9 0
0.08999999612569809 189 0 1
0.08999999612569809 227 10 0
0.08999999612569809 68 59 0
0.08999999612569809 71 103 1
0.08999999612569809 67 95 1
0.08999999612569809 58 76 1
0.08999999612569809 178 5 1
0.08999999612569809 231 19 0
0.08999999612569809 54 68 1
0.08999999612569809 72 57 0
0.08999999612569809 73 108 1
0.08999999612569809 183 1 0
0.08999999612569809 238 34 0
0.08999999612569809 61 83 1
0.08999999612569809 67 59 0
0.08999999612569809 181 4 1
0.10000000149011612 55 70 1
0.10000000149011612 103 41 1
0.10000000149011612 224 5 0
0.10000000149011612 235 28 0
0.10000000149011612 222 2 0
0.10000000149011612 225 7 0
0.10000000149011612 223 4 0
0.10000000149011612 76 55 0
0.10000000149011612 64 61 0
0.10000000149011612 188 1 1
0.10000000149011612 187 1 1
0.10000000149011612 62 84 1
0.10000000149011612 183 3 1
0.10000000149011612 236 28 0
0.10000000149011612 234 26 0
0.10000000149011612 70 101 1
0.10000000149011612 227 11 0
0.10000000149011612 78 117 1
0.10000000149011612 111 38 0
0.10999999940395355 66 93 1
0.10999999940395355 222 1 0
0.10999999940395355 60 80 1
0.10999999940395355 85 132 1
0.10999999940395355 73 56 0
0.10999999940395355 71 103 1
0.10999999940395355 224 6 0
0.10999999940395355 66 60 0
0.10999999940395355 180 4 1
0.10999999940395355 63 86 1
0.10999999940395355 186 2 1
0.10999999940395355 76 114 1
0.10999999940395355 176 6 1
0.10999999940395355 104 41 0
0.10999999940395355 69 99 1
0.10999999940395355 84 51 0
0.10999999940395355 72 105 1
0.10999999940395355 230 18 0
0.10999999940395355 222 0 0
0.10999999940395355 236 30 0
0.10999999940395355 54 68 1
0.10999999940395355 72 106 1
0.10999999940395355 235 27 0
0.10999999940395355 54 71 0
0.10999999940395355 185 2 1
0.10999999940395355 233 24 0
0.10999999940395355 63 87 1
0.10999999940395355 69 100 1
0.11999999731779099 233 22 0
0.11999999731779099 82 52 0
0.11999999731779099 102 42 0
0.11999999731779099 96 45 0
0.11999999731779099 74 110 1
0.11999999731779099 58 64 0
0.11999999731779099 54 67 1
0.11999999731779099 227 12 0
0.11999999731779099 64 88 1
0.11999999731779099 182 3 1
0.11999999731779099 60 63 0
0.11999999731779099 68 98 1
0.11999999731779099 54 64 1
0.11999999731779099 70 101 1
0.11999999731779099 70 102 1
0.11999999731779099 234 25 0
0.11999999731779099 73 107 1
0.11999999731779099 74 109 1
0.11999999731779099 59 78 1
0.11999999731779099 83 128 1
0.12999999523162842 74 56 0
0.12999999523162842 54 69 1
0.12999999523162842 226 10 0
0.12999999523162842 59 63 0
0.12999999523162842 57 64 0
0.12999999523162842 58 75 1
0.12999999523162842 79 119 1
0.12999999523162842 232 21 0
0.12999999523162842 58 77 1
0.12999999523162842 180 4 1
0.12999999523162842 83 52 0
0.12999999523162842 229 15 0
0.12999999523162842 152 18 1
0.12999999523162842 223 3 0
0.12999999523162842 70 58 0
0.12999999523162842 81 52 0
0.12999999523162842 59 77 1
0.12999999523162842 56 73 1
0.12999999523162842 55 69 1
0.12999999523162842 109 39 0
0.12999999523162842 54 66 0
0.12999999523162842 77 116 1
0.12999999523162842 59 79 1
0.12999999523162842 61 82 1
0.12999999523162842 226 9 0
0.12999999523162842 68 97 1
0.12999999523162842 231 20 0
0.12999999523162842 57 73 1
0.14000000059604645 55 71 1
0.14000000059604645 231 19 0
0.14000000059604645 65 98 1
0.14000000059604645 75 56 0
0.14000000059604645 228 13 0
0.14000000059604645 178 5 1
0.14000000059604645 60 81 1
0.14000000059604645 233 23 0
0.14000000059604645 225 7 0
0.14000000059604645 136 17 1
0.14000000059604645 79 54 0
0.14000000059604645 64 89 1
0.14000000059604645 228 14 0
0.14000000059604645 67 95 1
0.14000000059604645 61 62 0
0.14000000059604645 66 93 1
0.14000000059604645 65 92 1
0.14000000059604645 239 36 0
0.14000000059604645 95 41 0
0.14000000059604645 239 37 0
0.14000000059604645 69 58 0
0.14000000059604645 234 26 0
0.14000000059604645 228 11 1
0.14000000059604645 179 5 1
0.14000000059604645 66 94 1
0.14000000059604645 225 8 0
0.14000000059604645 87 136 1
0.14000000059604645 224 4 0
0.14000000059604645 62 62 0
0.14000000059604645 184 2 1
0.14000000059604645 229 16 0
0.15000000596046448 53 67 1
0.15000000596046448 75 111 1
0.15000000596046448 65 91 1
0.15000000596046448 230 17 0
0.15000000596046448 89 49 0
0.15000000596046448 75 55 0
0.15000000596046448 56 72 1
0.15000000596046448 189 0 1
0.15000000596046448 101 43 0
0.15000000596046448 188 0 1
0.15000000596046448 99 44 0
0.15000000596046448 70 100 1
0.15000000596046448 224 5 0
0.15000000596046448 55 70 1
0.15000000596046448 167 11 1
0.15000000596046448 54 65 0
0.15000000596046448 105 41 0
0.15000000596046448 156 16 1
0.15000000596046448 63 85 1
0.15000000596046448 238 34 0
0.15000000596046448 186 1 1
0.15000000596046448 56 65 0
0.15000000596046448 235 29 0
0.15000000596046448 73 57 0
0.15000000596046448 65 60 0
0.15000000596046448 232 22 0
0.1600000113248825 67 59 0
0.1600000113248825 55 64 0
0.1600000113248825 236 29 0
0.1600000113248825 62 85 1
0.1600000113248825 78 54 0
0.1600000113248825 57 75 1
0.1600000113248825 98 44 0
0.1600000113248825 55 66 0
0.1600000113248825 230 18 0
0.1600000113248825 237 32 0
0.1600000113248825 117 35 0
0.1600000113248825 68 59 0
0.1600000113248825 71 104 1
0.1600000113248825 228 12 0
0.1600000113248825 80 53 0
0.17000000178813934 85 51 0
0.17000000178813934 73 108 1
0.17000000178813934 235 28 0
0.17000000178813934 182 3 1
0.17000000178813934 71 103 1
0.17000000178813934 81 124 1
0.17000000178813934 71 57 0
0.17000000178813934 239 35 0
0.17000000178813934 66 93 1
0.17000000178813934 229 15 0
0.17000000178813934 62 86 1
0.17000000178813934 231 19 0
0.17000000178813934 170 9 1
0.17000000178813934 67 60 0
0.17000000178813934 75 112 1
0.17000000178813934 77 115 1
0.17000000178813934 172 8 1
0.17000000178813934 223 4 0
0.17000000178813934 79 120 1
0.17000000178813934 87 50 0
0.17000000178813934 95 46 0
0.17000000178813934 227 11 0
0.17000000178813934 61 83 1
0.17000000178813934 67 96 1
0.17000000178813934 69 59 0
0.17000000178813934 64 90 1
0.17000000178813934 237 33 0
0.17000000178813934 232 23 0
0.17000000178813934 222 1 0
0.18000000715255737 227 12 0
0.18000000715255737 166 11 1
0.18000000715255737 233 25 0
0.18000000715255737 225 6 0
0.18000000715255737 60 63 0
0.18000000715255737 158 15 1
0.18000000715255737 80 122 1
0.18000000715255737 221 0 0
0.18000000715255737 188 0 1
0.18000000715255737 63 87 1
0.18000000715255737 68 96 1
0.18000000715255737 238 33 0
0.18000000715255737 226 10 0
0.18000000715255737 58 64 0
0.18000000715255737 72 57 0
0.18000000715255737 222 2 0
0.18000000715255737 226 9 0
0.18000000715255737 168 10 1
0.18000000715255737 83 49 0
0.18000000715255737 61 84 1
0.18000000715255737 239 36 0
0.18000000715255737 230 17 0
0.1900000125169754 93 162 0
0.1900000125169754 233 24 0
0.1900000125169754 88 139 1
0.1900000125169754 90 143 1
0.1900000125169754 58 76 1
0.1900000125169754 59 105 0
0.1900000125169754 102 42 0
0.1900000125169754 54 68 1
0.1900000125169754 91 48 0
0.1900000125169754 94 46 0
0.1900000125169754 225 8 0
0.1900000125169754 224 5 0
0.1900000125169754 59 79 1
0.1900000125169754 238 34 0
0.1900000125169754 58 78 1
0.1900000125169754 71 58 0
0.1900000125169754 64 89 1
0.1900000125169754 58 77 1
0.1900000125169754 234 25 0
0.1900000125169754 78 118 1
0.1900000125169754 187 1 1
0.1900000125169754 63 62 0
0.1900000125169754 68 98 1
0.20000000298023224 88 49 0
0.20000000298023224 97 45 0
0.20000000298023224 231 20 0
0.20000000298023224 57 74 1
0.20000000298023224 226 9 0
0.20000000298023224 238 35 0
0.20000000298023224 59 64 0
0.20000000298023224 93 162 1
0.20000000298023224 54 69 1
0.20000000298023224 222 1 0
0.20000000298023224 55 71 1
0.20000000298023224 76 113 1
0.20000000298023224 236 30 0
0.20000000298023224 56 65 0
0.20000000298023224 223 3 0
0.20000000298023224 72 106 1
0.20000000298023224 60 81 1
0.20000000298023224 79 121 1
0.20000000298023224 69 100 1
0.20000000298023224 55 65 0
0.20000000298023224 67 94 1
0.20000000298023224 84 52 0
0.20000000298023224 224 6 0
0.20000000298023224 66 60 0
0.20000000298023224 235 27 0
0.20000000298023224 57 65 0
0.20000000298023224 162 9 1
0.21000000834465027 167 11 1
0.21000000834465027 225 7 0
0.21000000834465027 90 48 0
0.21000000834465027 234 26 0
0.21000000834465027 164 12 1
0.21000000834465027 82 52 0
0.21000000834465027 77 116 1
0.21000000834465027 65 90 1
0.21000000834465027 236 31 0
0.21000000834465027 107 40 0
0.21000000834465027 61 63 0
0.21000000834465027 56 73 1
0.21000000834465027 232 23 0
0.21000000834465027 232 21 0
0.21000000834465027 70 101 1
0.21000000834465027 165 12 1
0.21000000834465027 67 95 1
0.21000000834465027 77 55 0
0.21000000834465027 230 19 0
0.21000000834465027 71 103 1
0.21000000834465027 64 61 0
0.21000000834465027 224 4 0
0.21000000834465027 175 7 1
0.21000000834465027 229 16 0
0.21000000834465027 59 80 1
0.2199999988079071 190 0 1
0.2199999988079071 237 32 0
0.2199999988079071 62 86 1
0.2199999988079071 66 94 1
0.2199999988079071 227 13 0
0.2199999988079071 222 2 0
0.2199999988079071 93 47 0
0.2199999988079071 176 6 1
0.2199999988079071 163 13 1
0.2199999988079071 66 92 1
0.2199999988079071 86 50 0
0.2199999988079071 62 85 1
0.2199999988079071 99 44 0
0.2199999988079071 173 8 1
0.2199999988079071 235 28 0
0.2199999988079071 239 36 0
0.2199999988079071 174 7 1
0.2199999988079071 69 99 1
0.2199999988079071 228 15 0
0.2199999988079071 57 76 1
0.2199999988079071 233 24 0
0.2199999988079071 222 1 0
0.23000000417232513 180 3 0
0.23000000417232513 237 30 0
0.23000000417232513 180 4 1
0.23000000417232513 65 61 0
0.23000000417232513 79 54 0
0.23000000417232513 56 74 1
0.23000000417232513 62 84 1
0.23000000417232513 80 53 0
0.23000000417232513 223 4 0
0.23000000417232513 70 102 1
0.23000000417232513 65 92 1
0.23000000417232513 236 30 0
0.23000000417232513 84 130 1
0.23000000417232513 85 131 1
0.23000000417232513 53 68 1
0.23000000417232513 81 53 0
0.23000000417232513 146 21 1
0.23000000417232513 228 14 0
0.23000000417232513 60 82 1
0.23000000417232513 103 42 0
0.23000000417232513 76 115 1
0.23000000417232513 54 70 1
0.23000000417232513 231 20 0
0.23000000417232513 92 47 0
0.23000000417232513 69 98 1
0.23000000417232513 181 4 1
0.23000000417232513 232 22 0
0.24000000953674316 235 29 0
0.24000000953674316 58 77 1
0.24000000953674316 226 10 0
0.24000000953674316 74 56 0
0.24000000953674316 58 78 1
0.24000000953674316 233 24 0
0.24000000953674316 183 3 1
0.24000000953674316 171 9 1
0.24000000953674316 57 75 1
0.24000000953674316 71 102 1
0.24000000953674316 230 18 0
0.24000000953674316 60 80 1
0.24000000953674316 150 19 1
0.24000000953674316 234 27 0
0.24000000953674316 154 17 1
0.24000000953674316 227 12 0
0.24000000953674316 54 69 1
0.24000000953674316 226 11 0
0.24000000953674316 71 104 1
0.24000000953674316 231 21 0
0.24000000953674316 238 34 0
0.24000000953674316 228 13 0
0.24000000953674316 66 93 1
0.24000000953674316 223 5 0
0.24000000953674316 229 17 0
0.24000000953674316 239 37 0
0.24000000953674316 81 123 1
0.24000000953674316 182 4 1
0.24000000953674316 72 105 1
0.24000000953674316 63 88 1
0.24000000953674316 81 125 1
0.24000000953674316 225 9 0
0.24000000953674316 224 49 1
0.25 234 25 0
0.25 87 137 1
0.25 68 59 0
0.25 86 134 1
0.25 106 175 0
0.25 227 11 0
0.25 101 43 0
0.25 170 9 1
0.25 55 71 1
0.25 82 52 0
0.25 160 14 1
0.25 88 49 0
0.25 76 55 0
0.25 224 7 0
0.25 102 43 0
0.25 224 49 0
0.25 184 2 1
0.25 84 51 0
0.25 186 1 1
0.25 83 52 0
0.25 221 0 0
0.25 75 56 0
0.25 64 90 1
0.25 143 22 1
0.25999999046325684 91 145 1
0.25999999046325684 229 16 0
0.25999999046325684 61 84 1
0.25999999046325684 169 9 1
0.25999999046325684 82 127 1
0.25999999046325684 173 7 1
0.25999999046325684 114 37 0
0.25999999046325684 189 0 1
0.25999999046325684 236 29 0
0.25999999046325684 69 59 0
0.25999999046325684 188 0 1
0.25999999046325684 110 39 0
0.25999999046325684 88 138 1
0.25999999046325684 179 5 1
0.25999999046325684 172 8 1
0.25999999046325684 225 8 0
0.25999999046325684 113 37 0
0.25999999046325684 106 41 0
0.25999999046325684 54 66 0
0.25999999046325684 232 22 0
0.25999999046325684 67 60 0
0.25999999046325684 148 20 1
0.25999999046325684 90 49 0
0.25999999046325684 69 100 1
0.25999999046325684 231 20 0
0.26999998092651367 70 58 0
0.26999998092651367 84 131 1
0.26999998092651367 64 89 1
0.26999998092651367 145 21 1
0.26999998092651367 63 62 0
0.26999998092651367 222 3 0
0.26999998092651367 152 18 1
0.26999998092651367 80 121 1
0.26999998092651367 68 98 1
0.26999998092651367 235 28 0
0.26999998092651367 185 2 1
0.26999998092651367 224 5 0
0.26999998092651367 239 36 0
0.26999998092651367 61 83 1
0.26999998092651367 223 4 0
0.26999998092651367 100 43 0
0.26999998092651367 59 81 1
0.26999998092651367 238 34 0
0.26999998092651367 222 2 0
0.26999998092651367 76 114 1
0.26999998092651367 67 97 1
0.26999998092651367 81 83 1
0.26999998092651367 57 76 1
0.26999998092651367 178 5 1
0.26999998092651367 91 144 1
0.26999998092651367 223 3 0
0.26999998092651367 59 79 1
0.26999998092651367 149 19 1
0.26999998092651367 67 96 1
0.26999998092651367 73 57 0
0.2800000011920929 222 1 0
0.2800000011920929 78 116 1
0.2800000011920929 234 26 0
0.2800000011920929 224 6 0
0.2800000011920929 237 32 0
0.2800000011920929 72 57 0
0.2800000011920929 153 17 1
0.2800000011920929 159 15 1
0.2800000011920929 75 112 1
0.2800000011920929 73 109 1
0.2800000011920929 232 21 0
0.2800000011920929 227 12 0
0.2800000011920929 231 19 0
0.2800000011920929 162 13 1
0.2800000011920929 147 20 1
0.2800000011920929 74 110 1
0.2800000011920929 59 80 1
0.2800000011920929 156 16 1
0.2800000011920929 221 1 0
0.2800000011920929 85 51 0
0.2800000011920929 99 42 0
0.2800000011920929 168 10 1
0.2800000011920929 56 72 1
0.2800000011920929 230 19 0
0.2800000011920929 65 91 1
0.2800000011920929 54 69 1
0.2800000011920929 73 107 1
0.2800000011920929 79 120 1
0.2800000011920929 73 108 1
0.2800000011920929 182 3 1
0.2800000011920929 55 70 1
0.2800000011920929 177 6 1
0.28999999165534973 58 65 0
0.28999999165534973 92 48 0
0.28999999165534973 87 50 0
0.28999999165534973 82 126 1
0.28999999165534973 228 14 0
0.28999999165534973 71 105 1
0.28999999165534973 94 47 0
0.28999999165534973 72 106 1
0.28999999165534973 62 86 1
0.28999999165534973 60 63 0
0.28999999165534973 80 123 1
0.28999999165534973 55 66 0
0.28999999165534973 236 30 0
0.28999999165534973 54 68 1
0.28999999165534973 60 81 1
0.28999999165534973 77 117 1
0.28999999165534973 84 129 1
0.28999999165534973 71 58 0
0.28999999165534973 54 65 0
0.28999999165534973 151 18 1
0.28999999165534973 227 13 0
0.28999999165534973 166 11 1
0.28999999165534973 237 33 0
0.29999998211860657 89 49 0
0.29999998211860657 74 56 0
0.29999998211860657 233 24 0
0.29999998211860657 68 97 1
0.29999998211860657 78 119 1
0.29999998211860657 81 124 1
0.29999998211860657 226 10 0
0.29999998211860657 231 20 0
0.29999998211860657 238 35 0
0.29999998211860657 58 64 0
0.29999998211860657 225 8 0
0.29999998211860657 55 72 1
0.29999998211860657 63 87 1
0.29999998211860657 56 73 1
0.29999998211860657 71 104 1
0.29999998211860657 226 9 0
0.29999998211860657 238 34 0
0.29999998211860657 70 59 0
0.29999998211860657 98 45 0
0.29999998211860657 64 61 0
0.29999998211860657 238 33 0
0.29999998211860657 239 36 0
0.29999998211860657 232 23 0
0.29999998211860657 108 40 0
0.29999998211860657 55 71 1
0.29999998211860657 58 78 1
0.29999998211860657 185 1 1
0.29999998211860657 239 37 0
0.29999998211860657 230 18 0
0.29999998211860657 62 62 0
0.29999998211860657 233 25 0
0.29999998211860657 91 48 0
0.29999998211860657 68 99 1
0.29999998211860657 56 65 0
0.29999998211860657 238 32 1
0.29999998211860657 227 14 0
0.29999998211860657 221 0 0
0.29999998211860657 54 66 0
0.3100000023841858 150 19 1
0.3100000023841858 54 70 1
0.3100000023841858 71 103 1
0.3100000023841858 57 65 0
0.3100000023841858 237 32 0
0.3100000023841858 187 1 1
0.3100000023841858 188 0 1
0.3100000023841858 65 92 1
0.3100000023841858 90 142 1
0.3100000023841858 79 121 1
0.3100000023841858 171 8 1
0.3100000023841858 85 133 1
0.3100000023841858 105 175 1
0.3100000023841858 63 88 1
0.3100000023841858 60 82 1
0.3100000023841858 187 0 1
0.3100000023841858 54 67 0
0.3100000023841858 77 114 1
0.3100000023841858 78 55 0
0.3100000023841858 229 16 0
0.3100000023841858 86 51 0
0.3100000023841858 66 94 1
0.3100000023841858 59 64 0
0.3100000023841858 63 89 1
0.3100000023841858 96 46 0
0.3100000023841858 85 132 1
0.3100000023841858 236 28 1
0.3100000023841858 57 76 1
0.3100000023841858 157 15 1
0.3100000023841858 95 46 0
0.3100000023841858 235 28 0
0.3100000023841858 162 9 0
0.3100000023841858 155 16 1
0.3199999928474426 87 136 1
0.3199999928474426 75 56 0
0.3199999928474426 106 40 0
0.3199999928474426 167 11 1
0.3199999928474426 158 15 1
0.3199999928474426 111 38 0
0.3199999928474426 60 64 0
0.3199999928474426 222 2 0
0.3199999928474426 78 117 1
0.3199999928474426 175 7 1
0.3199999928474426 61 85 1
0.3199999928474426 76 56 0
0.3199999928474426 234 26 0
0.3199999928474426 70 102 1
0.3199999928474426 233 22 0
0.3199999928474426 227 12 0
0.3199999928474426 232 23 0
0.3199999928474426 235 29 0
0.3199999928474426 76 113 1
0.3199999928474426 178 3 1
0.3199999928474426 69 59 0
0.3199999928474426 68 59 0
0.3199999928474426 186 1 1
0.3199999928474426 72 104 1
0.3199999928474426 228 15 0
0.3199999928474426 231 21 0
0.3199999928474426 76 115 1
0.3199999928474426 180 4 1
0.3199999928474426 60 83 1
0.3199999928474426 110 38 0
0.3199999928474426 62 63 0
0.3199999928474426 80 122 1
0.3199999928474426 82 53 0
0.3199999928474426 86 135 1
0.3199999928474426 223 5 0
0.3199999928474426 223 4 0
0.3199999928474426 84 52 0
0.3199999928474426 83 128 1
0.32999998331069946 228 9 1
0.32999998331069946 226 11 0
0.32999998331069946 63 61 0
0.32999998331069946 230 17 0
0.32999998331069946 80 54 0
0.32999998331069946 170 9 1
0.32999998331069946 73 57 0
0.32999998331069946 224 6 0
0.32999998331069946 165 11 1
0.32999998331069946 82 125 1
0.32999998331069946 105 173 0
0.32999998331069946 63 59 0
0.32999998331069946 230 18 0
0.32999998331069946 230 19 0
0.32999998331069946 226 12 0
0.32999998331069946 62 87 1
0.32999998331069946 61 84 1
0.32999998331069946 66 60 0
0.32999998331069946 224 7 0
0.32999998331069946 238 34 0
0.32999998331069946 161 13 1
0.32999998331069946 65 93 1
0.32999998331069946 64 62 0
0.32999998331069946 56 74 1
0.32999998331069946 230 16 1
0.32999998331069946 97 45 0
0.32999998331069946 56 75 1
0.32999998331069946 101 43 0
0.32999998331069946 70 101 1
0.32999998331069946 163 12 1
0.32999998331069946 159 14 1
0.32999998331069946 61 63 0
0.32999998331069946 236 25 1
0.32999998331069946 63 86 1
0.32999998331069946 115 36 0
0.32999998331069946 233 24 0
0.32999998331069946 72 107 1
0.32999998331069946 160 14 1
0.32999998331069946 100 44 0
0.32999998331069946 232 22 0
0.32999998331069946 167 10 1
0.32999998331069946 79 54 0
0.3400000035762787 167 10 1
0.3400000035762787 74 108 1
0.3400000035762787 229 16 0
0.3400000035762787 65 61 0
0.3400000035762787 239 36 0
0.3400000035762787 53 69 1
0.3400000035762787 72 58 0
0.3400000035762787 58 77 1
0.3400000035762787 228 14 0
0.3400000035762787 57 75 1
0.3400000035762787 222 1 0
0.3400000035762787 68 98 1
0.3400000035762787 67 60 0
0.3400000035762787 66 93 1
0.3400000035762787 62 86 1
0.3400000035762787 67 95 1
0.3400000035762787 64 91 1
0.3400000035762787 69 99 1
0.3400000035762787 88 50 0
0.3400000035762787 94 151 1
0.3400000035762787 103 42 0
0.3400000035762787 83 52 0
0.3400000035762787 231 20 0
0.3400000035762787 178 5 1
0.3400000035762787 226 10 0
0.3400000035762787 225 9 0
0.3400000035762787 59 80 1
0.3400000035762787 164 12 1
0.3400000035762787 225 8 0
0.3400000035762787 236 30 0
0.3400000035762787 66 95 1
0.3400000035762787 77 116 1
0.3400000035762787 74 111 1
0.3400000035762787 75 113 1
0.3400000035762787 172 8 1
0.3400000035762787 233 25 0
0.3499999940395355 226 4 0
0.3499999940395355 83 127 1
0.3499999940395355 59 63 0
0.3499999940395355 66 61 0
0.3499999940395355 107 178 0
0.3499999940395355 55 66 0
0.3499999940395355 84 128 0
0.3499999940395355 68 60 0
0.3499999940395355 176 6 1
0.3499999940395355 179 5 1
0.3499999940395355 183 3 1
0.3499999940395355 221 0 0
0.3499999940395355 173 7 1
0.3499999940395355 232 23 0
0.3499999940395355 83 129 1
0.3499999940395355 64 90 1
0.3499999940395355 174 7 1
0.3499999940395355 237 32 0
0.3499999940395355 162 13 1
0.3499999940395355 77 115 1
0.3499999940395355 69 101 1
0.3499999940395355 77 55 0
0.3499999940395355 238 32 1
0.3499999940395355 177 5 1
0.3499999940395355 235 28 0
0.3499999940395355 57 77 1
0.3499999940395355 81 53 0
0.3499999940395355 232 24 0
0.3499999940395355 222 3 0
0.3499999940395355 223 4 0
0.3499999940395355 58 78 1
0.35499998927116394 54 67 0
0.35499998927116394 55 73 1
0.35499998927116394 84 128 1
0.35499998927116394 70 103 1
0.35499998927116394 59 78 1
0.35499998927116394 183 2 1
0.35499998927116394 163 12 1
0.35499998927116394 78 54 0
0.35499998927116394 57 76 1
0.35499998927116394 224 5 0
0.35499998927116394 233 26 0
0.35499998927116394 179 4 1
0.35499998927116394 234 27 0
0.35499998927116394 186 1 1
0.35499998927116394 55 72 1
0.35499998927116394 184 2 1
0.35499998927116394 189 0 1
0.35499998927116394 77 54 0
0.35499998927116394 71 105 1
0.35499998927116394 58 79 1
0.35499998927116394 227 12 0
0.35499998927116394 88 139 1
0.35499998927116394 188 0 1
0.35499998927116394 185 1 1
0.35499998927116394 69 100 1
0.35499998927116394 169 9 1
0.35499998927116394 224 4 1
0.35499998927116394 56 66 0
0.35499998927116394 231 16 0
0.35499998927116394 236 31 0
0.35499998927116394 56 65 0
0.35499998927116394 181 3 1
0.35499998927116394 227 13 0
0.35499998927116394 222 2 0
0.36000001430511475 84 128 1
0.3700000047683716 55 67 0
0.3700000047683716 220 0 0
0.3700000047683716 89 141 1
0.3700000047683716 173 8 1
0.3700000047683716 105 41 0
0.3700000047683716 71 58 0
0.3700000047683716 161 13 1
0.3700000047683716 63 62 0
0.3700000047683716 53 69 1
0.3700000047683716 182 3 1
0.3700000047683716 232 22 0
0.3700000047683716 61 82 1
0.3700000047683716 183 2 1
0.3700000047683716 60 83 1
0.3700000047683716 239 37 0
0.3700000047683716 61 83 1
0.3700000047683716 89 140 1
0.3700000047683716 78 118 1
0.3700000047683716 187 0 1
0.3700000047683716 237 33 0
0.3700000047683716 63 88 1
0.3700000047683716 54 69 1
0.3700000047683716 94 46 0
0.3700000047683716 54 71 1
0.3700000047683716 180 4 1
0.3799999952316284 177 5 1
0.3799999952316284 61 85 1
0.3799999952316284 229 17 0
0.3799999952316284 53 68 1
0.3799999952316284 165 11 1
0.3799999952316284 72 106 1
0.3799999952316284 171 8 1
0.3799999952316284 234 28 0
0.3799999952316284 237 34 0
0.3799999952316284 157 16 1
0.3799999952316284 74 57 0
0.3799999952316284 178 5 1
0.3799999952316284 64 89 1
0.3799999952316284 185 1 1
0.3799999952316284 231 21 0
0.3799999952316284 238 36 0
0.3799999952316284 79 53 0
0.3799999952316284 59 65 0
0.3799999952316284 92 147 1
0.3799999952316284 173 7 1
0.3799999952316284 81 125 1
0.3799999952316284 67 96 1
0.3799999952316284 62 87 1
0.3799999952316284 98 44 0
0.38999998569488525 152 18 1
0.38999998569488525 232 23 0
0.38999998569488525 68 99 1
0.38999998569488525 223 5 0
0.38999998569488525 71 104 1
0.38999998569488525 234 43 1
0.38999998569488525 230 20 0
0.38999998569488525 82 52 0
0.38999998569488525 221 1 0
0.38999998569488525 226 11 0
0.38999998569488525 227 14 0
0.38999998569488525 235 29 0
0.38999998569488525 238 35 0
0.38999998569488525 54 70 1
0.38999998569488525 74 109 1
0.38999998569488525 75 56 0
0.38999998569488525 228 15 0
0.38999998569488525 63 89 1
0.38999998569488525 73 108 1
0.38999998569488525 224 7 0
0.38999998569488525 230 19 0
0.38999998569488525 221 2 0
0.38999998569488525 174 6 1
0.38999998569488525 167 10 1
0.38999998569488525 76 115 1
0.38999998569488525 93 148 1
0.38999998569488525 239 38 0
0.38999998569488525 229 18 0
0.38999998569488525 154 17 1
0.38999998569488525 166 11 1
0.38999998569488525 231 22 0
0.3999999761581421 69 59 0
0.3999999761581421 223 6 0
0.3999999761581421 187 0 1
0.3999999761581421 219 179 0
0.3999999761581421 170 9 1
0.3999999761581421 53 69 1
0.3999999761581421 237 33 0
0.3999999761581421 60 82 1
0.3999999761581421 225 9 0
0.3999999761581421 73 109 1
0.3999999761581421 65 92 1
0.3999999761581421 181 3 1
0.3999999761581421 61 84 1
0.3999999761581421 239 37 0
0.3999999761581421 56 75 1
0.3999999761581421 235 30 0
0.3999999761581421 81 124 1
0.3999999761581421 90 141 1
0.3999999761581421 181 4 1
0.3999999761581421 183 2 1
0.3999999761581421 65 93 1
0.3999999761581421 104 42 0
0.3999999761581421 58 65 0
0.3999999761581421 222 3 0
0.3999999761581421 59 81 1
0.3999999761581421 233 25 0
0.3999999761581421 76 55 0
0.4099999964237213 168 10 1
0.4099999964237213 74 110 1
0.4099999964237213 57 76 1
0.4099999964237213 225 10 0
0.4099999964237213 87 50 0
0.4099999964237213 153 17 1
0.4099999964237213 227 13 0
0.4099999964237213 58 76 1
0.4099999964237213 54 71 1
0.4099999964237213 66 95 1
0.4099999964237213 62 87 1
0.4099999964237213 221 0 0
0.4099999964237213 66 94 1
0.4099999964237213 75 111 1
0.4099999964237213 156 16 1
0.4099999964237213 223 5 0
0.4099999964237213 108 179 0
0.4099999964237213 64 91 1
0.4099999964237213 97 156 1
0.4099999964237213 224 6 0
0.4099999964237213 226 12 0
0.4099999964237213 109 39 0
0.4099999964237213 79 121 1
0.4099999964237213 219 179 1
0.4099999964237213 232 23 0
0.4099999964237213 236 31 0
0.4099999964237213 85 51 0
0.4099999964237213 59 80 1
0.4099999964237213 60 81 1
0.4099999964237213 58 78 1
0.4099999964237213 54 66 0
0.4099999964237213 64 62 0
0.41999998688697815 62 62 0
0.41999998688697815 62 85 1
0.41999998688697815 231 21 0
0.41999998688697815 158 14 1
0.41999998688697815 57 77 1
0.41999998688697815 232 23 0
0.41999998688697815 141 23 1
0.41999998688697815 93 47 0
0.41999998688697815 69 101 1
0.41999998688697815 234 27 0
0.41999998688697815 61 62 0
0.41999998688697815 72 105 1
0.41999998688697815 234 26 0
0.41999998688697815 59 79 1
0.41999998688697815 222 4 0
0.41999998688697815 60 63 0
0.41999998688697815 235 29 0
0.41999998688697815 228 15 0
0.41999998688697815 226 11 0
0.41999998688697815 188 0 1
0.41999998688697815 107 41 0
0.41999998688697815 233 25 0
0.41999998688697815 237 31 0
0.41999998688697815 70 102 1
0.429999977350235 225 8 0
0.429999977350235 58 79 1
0.429999977350235 77 117 1
0.429999977350235 229 17 0
0.429999977350235 84 52 0
0.429999977350235 90 49 0
0.429999977350235 73 108 1
0.429999977350235 53 66 0
0.429999977350235 52 68 1
0.429999977350235 99 44 0
0.429999977350235 62 86 1
0.429999977350235 59 64 0
0.429999977350235 70 59 0
0.429999977350235 226 10 0
0.429999977350235 55 67 0
0.429999977350235 237 33 0
0.429999977350235 78 119 1
0.429999977350235 80 53 0
0.429999977350235 224 8 0
0.429999977350235 224 7 0
0.429999977350235 56 74 1
0.429999977350235 142 22 1
0.429999977350235 223 4 0
0.429999977350235 230 19 0
0.429999977350235 72 57 0
0.429999977350235 67 97 1
0.4399999976158142 222 3 0
0.4399999976158142 106 175 0
0.4399999976158142 239 37 0
0.4399999976158142 232 23 0
0.4399999976158142 70 103 1
0.4399999976158142 75 112 1
0.4399999976158142 60 64 0
0.4399999976158142 62 63 0
0.4399999976158142 67 60 0
0.4399999976158142 231 20 0
0.4399999976158142 82 127 1
0.4399999976158142 221 1 0
0.4399999976158142 228 16 0
0.4399999976158142 76 114 1
0.4399999976158142 60 83 1
0.4399999976158142 55 73 1
0.4399999976158142 177 140 0
0.4399999976158142 225 9 0
0.4399999976158142 238 35 0
0.4399999976158142 53 69 1
0.4399999976158142 57 65 0
0.4399999976158142 172 8 1
0.4399999976158142 222 2 0
0.4399999976158142 86 133 1
0.44999998807907104 66 61 0
0.44999998807907104 17 72 1
0.44999998807907104 61 63 0
0.44999998807907104 96 45 0
0.44999998807907104 95 153 1
0.44999998807907104 54 67 0
0.44999998807907104 233 26 0
0.44999998807907104 173 7 1
0.44999998807907104 227 14 0
0.44999998807907104 65 62 0
0.44999998807907104 69 59 0
0.44999998807907104 236 32 0
0.44999998807907104 177 140 1
0.44999998807907104 66 95 1
0.44999998807907104 119 34 0
0.44999998807907104 73 111 0
0.44999998807907104 75 113 1
0.44999998807907104 61 85 1
0.44999998807907104 58 64 0
0.44999998807907104 89 139 1
0.44999998807907104 71 105 1
0.44999998807907104 55 74 1
0.44999998807907104 68 98 1
0.44999998807907104 73 57 0
0.4599999785423279 99 45 0
0.4599999785423279 57 78 1
0.4599999785423279 92 48 0
0.4599999785423279 63 88 1
0.4599999785423279 57 76 1
0.4599999785423279 76 56 0
0.4599999785423279 54 67 0
0.4599999785423279 233 24 0
0.4599999785423279 74 111 1
0.4599999785423279 76 115 1
0.4599999785423279 168 11 1
0.4599999785423279 226 12 0
0.4599999785423279 63 63 0
0.4599999785423279 55 72 1
0.4599999785423279 83 52 0
0.4599999785423279 88 138 1
0.4599999785423279 69 100 1
0.4599999785423279 54 69 1
0.4599999785423279 62 87 1
0.4599999785423279 54 71 1
0.4599999785423279 73 58 0
0.4599999785423279 53 69 1
0.4599999785423279 82 53 0
0.4599999785423279 229 16 0
0.4599999785423279 55 66 0
0.4599999785423279 223 5 0
0.4599999785423279 78 55 0
0.4599999785423279 220 0 0
0.4599999785423279 187 0 1
0.4599999785423279 72 107 1
0.4599999785423279 84 131 1
0.4599999785423279 56 75 1
0.4599999785423279 65 61 0
0.4599999785423279 65 93 1
0.4699999988079071 233 22 1
0.4699999988079071 71 58 0
0.4699999988079071 221 2 0
0.4699999988079071 55 71 1
0.4699999988079071 80 54 0
0.4699999988079071 226 11 0
0.4699999988079071 80 122 1
0.4699999988079071 97 157 1
0.4699999988079071 71 106 1
0.4699999988079071 91 48 0
0.4699999988079071 63 60 1
0.4699999988079071 71 104 1
0.4699999988079071 232 23 0
0.4699999988079071 79 119 1
0.4699999988079071 83 128 1
0.4699999988079071 75 110 1
0.4699999988079071 86 51 0
0.4699999988079071 63 89 1
0.4699999988079071 137 26 1
0.4699999988079071 79 54 0
0.4699999988079071 56 66 0
0.4699999988079071 90 143 1
0.4699999988079071 224 7 0
0.4699999988079071 79 120 1
0.4699999988079071 58 65 0
0.4699999988079071 61 86 1
0.4699999988079071 185 1 1
0.4699999988079071 49 64 0
0.47999998927116394 68 60 0
0.47999998927116394 231 21 0
0.47999998927116394 75 56 0
0.47999998927116394 232 24 0
0.47999998927116394 71 103 1
0.47999998927116394 64 62 0
0.47999998927116394 116 36 0
0.47999998927116394 56 76 1
0.47999998927116394 236 31 0
0.47999998927116394 84 51 0
0.47999998927116394 227 13 0
0.47999998927116394 228 15 0
0.47999998927116394 137 26 0
0.47999998927116394 220 0 0
0.47999998927116394 230 17 1
0.47999998927116394 230 19 0
0.47999998927116394 90 48 0
0.47999998927116394 225 10 0
0.47999998927116394 64 90 1
0.47999998927116394 228 14 0
0.47999998927116394 182 3 1
0.47999998927116394 89 49 0
0.47999998927116394 101 43 0
0.47999998927116394 183 2 1
0.47999998927116394 233 25 0
0.47999998927116394 56 73 1
0.47999998927116394 102 43 0
0.47999998927116394 72 108 1
0.47999998927116394 179 4 1
0.47999998927116394 55 65 0
0.4899999797344208 226 11 0
0.4899999797344208 77 55 0
0.4899999797344208 53 70 1
0.4899999797344208 57 77 1
0.4899999797344208 225 9 0
0.4899999797344208 91 145 1
0.4899999797344208 77 118 1
0.4899999797344208 59 82 1
0.4899999797344208 178 5 1
0.4899999797344208 229 18 0
0.4899999797344208 169 10 1
0.4899999797344208 181 3 1
0.4899999797344208 54 67 0
0.4899999797344208 234 28 0
0.4899999797344208 68 99 1
0.4899999797344208 73 57 0
0.4899999797344208 77 116 1
0.4899999797344208 97 45 0
0.4899999797344208 54 72 1
0.4899999797344208 235 29 0
0.4899999797344208 74 119 0
0.4899999797344208 93 149 1
0.4899999797344208 226 12 0
0.4899999797344208 72 58 0
0.4899999797344208 94 47 0
0.4899999797344208 234 27 0
0.4899999797344208 58 78 1
0.4899999797344208 65 92 1
0.4899999797344208 177 5 1
0.4899999797344208 80 123 1
0.4899999797344208 72 106 1
0.4899999797344208 68 100 1
0.4899999797344208 222 3 0
0.4899999797344208 230 20 0
0.4899999797344208 229 17 0
0.4899999797344208 223 6 0
0.4899999797344208 73 109 1
0.4899999797344208 59 81 1
0.4899999797344208 157 15 1
0.4899999797344208 224 9 0
0.4899999797344208 59 65 0
0.4899999797344208 60 83 1
0.4899999797344208 84 52 0
0.4899999797344208 221 1 0
0.4899999797344208 98 45 0
0.4899999797344208 81 53 0
0.5 227 14 0
0.5 99 44 0
0.5 104 41 0
0.5 233 25 0
0.5 62 87 1
0.5 238 35 0
0.5 55 74 1
0.5 188 0 1
0.5 237 33 0
0.5 87 137 1
0.5 186 1 1
0.5 239 37 0
0.5 167 10 1
0.5 61 85 1
0.5 230 19 0
0.5 95 152 1
0.5 69 60 0
0.5 61 64 0
0.5 238 34 0
0.5 223 5 0
0.5 237 34 0
0.5 88 50 0
0.5 112 38 0
0.5 75 57 0
0.5 88 139 1
0.5 53 69 1
0.5 232 23 0
0.5 231 22 0
0.5 238 36 0
0.5 180 4 1
0.5 230 18 0
0.5 80 124 1
0.5 88 140 1
0.5099999904632568 227 13 0
0.5099999904632568 116 35 0
0.5099999904632568 163 13 1
0.5099999904632568 225 11 0
0.5099999904632568 85 134 1
0.5099999904632568 60 84 1
0.5099999904632568 187 0 1
0.5099999904632568 94 150 1
0.5099999904632568 54 70 1
0.5099999904632568 106 41 0
0.5099999904632568 69 101 1
0.5099999904632568 64 92 1
0.5099999904632568 107 40 0
0.5099999904632568 55 67 0
0.5099999904632568 64 91 1
0.5099999904632568 233 26 0
0.5099999904632568 58 79 1
0.5099999904632568 227 12 0
0.5099999904632568 239 38 0
0.5099999904632568 67 98 1
0.5099999904632568 81 125 1
0.5099999904632568 86 134 1
0.5099999904632568 79 121 1
0.5099999904632568 57 66 0
0.5099999904632568 71 59 0
0.5099999904632568 86 50 0
0.5099999904632568 63 90 1
0.5199999809265137 81 126 1
0.5199999809265137 234 43 0
0.5199999809265137 183 2 1
0.5199999809265137 96 46 0
0.5199999809265137 87 50 0
0.5199999809265137 54 71 1
0.5199999809265137 62 88 1
0.5199999809265137 90 49 0
0.5199999809265137 85 132 1
0.5199999809265137 175 6 1
0.5199999809265137 103 42 0
0.5199999809265137 222 4 0
0.5199999809265137 171 8 1
0.5199999809265137 73 110 1
0.5199999809265137 226 9 1
0.5199999809265137 232 24 0
0.5199999809265137 59 65 0
0.5199999809265137 185 1 1
0.5199999809265137 67 60 0
0.5199999809265137 235 29 0
0.5199999809265137 101 43 0
0.5199999809265137 222 5 0
0.5199999809265137 79 55 0
0.5199999809265137 85 51 0
0.5199999809265137 237 33 0
0.5199999809265137 70 57 0
0.5199999809265137 235 30 0
0.5199999809265137 74 57 0
0.5199999809265137 63 63 0
0.5299999713897705 224 8 0
0.5299999713897705 220 0 0
0.5299999713897705 226 11 0
0.5299999713897705 55 73 1
0.5299999713897705 85 133 1
0.5299999713897705 235 28 0
0.5299999713897705 221 3 0
0.5299999713897705 177 6 1
0.5299999713897705 66 95 1
0.5299999713897705 234 28 0
0.5299999713897705 86 135 1
0.5299999713897705 60 82 1
0.5299999713897705 231 21 0
0.5299999713897705 84 130 1
0.5299999713897705 67 61 0
0.5299999713897705 238 33 1
0.5299999713897705 70 59 0
0.5299999713897705 233 25 0
0.5299999713897705 105 41 0
0.5299999713897705 100 44 0
0.5299999713897705 167 11 1
0.5299999713897705 65 94 1
0.5299999713897705 89 50 0
0.5299999713897705 234 27 0
0.5299999713897705 76 115 1
0.5299999713897705 87 136 1
0.5299999713897705 62 63 0
0.5299999713897705 232 23 0
0.5299999713897705 60 64 0
0.5299999713897705 220 1 0
0.5299999713897705 66 96 1
0.5299999713897705 228 15 0
0.5299999713897705 174 7 1
0.5299999713897705 74 112 1
0.5299999713897705 176 6 1
0.5299999713897705 54 67 0
0.5299999713897705 150 19 1
0.5399999618530273 158 15 1
0.5399999618530273 64 62 0
0.5399999618530273 175 5 1
0.5399999618530273 226 12 0
0.5399999618530273 92 148 1
0.5399999618530273 113 37 0
0.5399999618530273 78 120 1
0.5399999618530273 239 37 0
0.5399999618530273 72 108 1
0.5399999618530273 109 39 0
0.5399999618530273 62 86 1
0.5399999618530273 173 7 1
0.5399999618530273 185 2 1
0.5399999618530273 165 12 1
0.5399999618530273 232 25 0
0.5399999618530273 103 41 1
0.5399999618530273 57 76 1
0.5399999618530273 223 7 0
0.5399999618530273 108 39 0
0.5399999618530273 95 46 0
0.5399999618530273 97 46 0
0.5399999618530273 56 75 1
0.5399999618530273 77 56 0
0.5399999618530273 228 16 0
0.5399999618530273 70 103 1
0.5399999618530273 236 31 0
0.5399999618530273 66 61 0
0.5399999618530273 84 132 1
0.5399999618530273 221 2 0
0.5399999618530273 55 67 0
0.5399999618530273 155 16 1
0.5399999618530273 95 47 0
0.5399999618530273 93 48 0
0.5399999618530273 227 14 0
0.5399999618530273 67 97 1
0.550000011920929 84 52 0
0.550000011920929 76 116 1
0.550000011920929 237 33 0
0.550000011920929 224 7 0
0.550000011920929 229 19 0
0.550000011920929 117 35 0
0.550000011920929 71 105 1
0.550000011920929 53 69 1
0.550000011920929 95 45 0
0.550000011920929 233 27 0
0.550000011920929 82 53 0
0.550000011920929 108 40 0
0.550000011920929 178 6 1
0.550000011920929 170 9 1
0.550000011920929 91 49 0
0.550000011920929 71 106 1
0.550000011920929 105 42 0
0.550000011920929 118 35 0
0.550000011920929 58 80 1
0.550000011920929 227 15 0
0.550000011920929 80 54 0
0.550000011920929 110 39 0
0.550000011920929 65 93 1
0.550000011920929 61 84 1
0.550000011920929 162 13 1
0.550000011920929 238 35 0
0.550000011920929 59 82 1
0.550000011920929 57 78 1
0.550000011920929 61 86 1
0.550000011920929 62 87 1
0.550000011920929 155 17 1
0.550000011920929 70 104 1
0.5600000023841858 78 119 1
0.5600000023841858 120 34 0
0.5600000023841858 81 54 0
0.5600000023841858 239 37 0
0.5600000023841858 55 74 1
0.5600000023841858 69 102 1
0.5600000023841858 76 56 0
0.5600000023841858 60 83 1
0.5600000023841858 226 12 0
0.5600000023841858 75 57 0
0.5600000023841858 67 96 1
0.5600000023841858 114 37 0
0.5600000023841858 165 11 1
0.5600000023841858 169 9 1
0.5600000023841858 225 10 0
0.5600000023841858 83 129 1
0.5600000023841858 56 76 1
0.5600000023841858 229 18 0
0.5600000023841858 239 39 0
0.5600000023841858 87 51 0
0.5600000023841858 63 89 1
0.5600000023841858 58 65 0
0.5600000023841858 220 0 0
0.5600000023841858 89 49 0
0.5600000023841858 223 6 0
0.5600000023841858 225 11 0
0.5600000023841858 56 66 0
0.5600000023841858 111 38 0
0.5600000023841858 172 8 1
0.5600000023841858 59 80 1
0.5699999928474426 79 122 1
0.5699999928474426 181 3 1
0.5699999928474426 184 2 1
0.5699999928474426 224 8 0
0.5699999928474426 92 146 1
0.5699999928474426 61 85 1
0.5699999928474426 230 20 0
0.5699999928474426 230 21 0
0.5699999928474426 72 58 0
0.5699999928474426 65 62 0
0.5699999928474426 222 4 0
0.5699999928474426 166 11 1
0.5699999928474426 161 13 1
0.5699999928474426 161 14 1
0.5699999928474426 54 72 1
0.5699999928474426 177 5 1
0.5699999928474426 98 45 0
0.5699999928474426 87 138 1
0.5699999928474426 115 36 0
0.5699999928474426 223 5 0
0.5699999928474426 96 155 1
0.5699999928474426 179 4 1
0.5699999928474426 91 48 0
0.5699999928474426 164 12 1
0.5699999928474426 231 23 0
0.5699999928474426 54 73 1
0.5699999928474426 81 124 1
0.5699999928474426 231 22 0
0.5699999928474426 167 10 1
0.5699999928474426 78 55 0
0.5699999928474426 65 91 1
0.5699999928474426 77 117 1
0.5699999928474426 227 14 0
0.5699999928474426 69 60 0
0.5699999928474426 187 0 1
0.5799999833106995 59 81 1
0.5799999833106995 163 12 1
0.5799999833106995 225 9 0
0.5799999833106995 98 159 1
0.5799999833106995 59 64 0
0.5799999833106995 222 3 0
0.5799999833106995 183 2 1
0.5799999833106995 75 113 1
0.5799999833106995 238 36 0
0.5799999833106995 68 100 1
0.5799999833106995 229 19 0
0.5799999833106995 188 0 1
0.5799999833106995 60 65 0
0.5799999833106995 236 32 0
0.5799999833106995 226 13 0
0.5799999833106995 184 3 1
0.5799999833106995 83 53 0
0.5799999833106995 53 70 1
0.5799999833106995 90 143 1
0.5799999833106995 63 63 0
0.5799999833106995 92 48 0
0.5799999833106995 55 75 1
0.5899999737739563 68 99 1
0.5899999737739563 70 102 1
0.5899999737739563 65 92 1
0.5899999737739563 173 7 1
0.5899999737739563 104 42 0
0.5899999737739563 226 12 0
0.5899999737739563 233 26 0
0.5899999737739563 230 19 0
0.5899999737739563 57 77 1
0.5899999737739563 232 24 0
0.5899999737739563 74 111 1
0.5899999737739563 149 20 1
0.5899999737739563 54 67 0
0.5899999737739563 234 28 0
0.5899999737739563 237 34 0
0.5899999737739563 238 37 0
0.5899999737739563 236 33 0
0.5899999737739563 55 74 1
0.5899999737739563 58 81 1
0.5899999737739563 185 1 1
0.5899999737739563 85 52 0
0.5899999737739563 61 64 0
0.5899999737739563 77 118 1
0.5899999737739563 227 13 0
0.5899999737739563 54 65 1
0.5899999737739563 227 14 0
0.5999999642372131 54 68 0
0.5999999642372131 72 107 1
0.5999999642372131 152 18 1
0.5999999642372131 180 3 1
0.5999999642372131 66 96 1
0.5999999642372131 62 89 1
0.5999999642372131 151 18 1
0.5999999642372131 97 45 0
0.5999999642372131 175 6 1
0.5999999642372131 66 94 1
0.5999999642372131 62 64 0
0.5999999642372131 224 9 0
0.5999999642372131 55 67 0
0.5999999642372131 221 2 0
0.5999999642372131 65 94 1
0.5999999642372131 75 114 1
0.5999999642372131 57 79 1
0.5999999642372131 239 36 0
0.5999999642372131 72 108 1
0.5999999642372131 58 80 1
0.5999999642372131 83 130 1
0.5999999642372131 186 0 1
0.5999999642372131 228 16 0
0.5999999642372131 184 1 1
0.5999999642372131 67 98 1
0.5999999642372131 5 113 1
0.5999999642372131 233 27 0
0.5999999642372131 68 98 1
0.5999999642372131 220 0 0
0.5999999642372131 234 29 0
0.5999999642372131 222 5 0
0.5999999642372131 101 44 0
0.5999999642372131 76 57 0
0.5999999642372131 187 0 1
0.5999999642372131 73 108 1
0.5999999642372131 149 19 1
0.5999999642372131 88 50 0
0.5999999642372131 59 65 0
0.6100000143051147 235 29 0
0.6100000143051147 159 14 1
0.6100000143051147 69 101 1
0.6100000143051147 61 86 1
0.6100000143051147 64 92 1
0.6100000143051147 156 16 1
0.6100000143051147 56 77 1
0.6100000143051147 232 24 0
0.6100000143051147 222 6 0
0.6100000143051147 68 60 0
0.6100000143051147 84 52 0
0.6100000143051147 73 109 1
0.6100000143051147 64 91 1
0.6100000143051147 235 30 0
0.6100000143051147 53 71 1
0.6100000143051147 182 2 1
0.6100000143051147 158 130 1
0.6100000143051147 182 3 1
0.6100000143051147 57 65 0
0.6100000143051147 84 131 1
0.6100000143051147 73 58 0
0.6100000143051147 223 6 0
0.6100000143051147 160 14 1
0.6200000047683716 117 36 0
0.6200000047683716 57 78 1
0.6200000047683716 62 88 1
0.6200000047683716 231 22 0
0.6200000047683716 221 3 0
0.6200000047683716 225 10 0
0.6200000047683716 158 130 0
0.6200000047683716 74 112 1
0.6200000047683716 221 4 0
0.6200000047683716 53 67 0
0.6200000047683716 121 33 0
0.6200000047683716 71 104 1
0.6200000047683716 73 110 1
0.6200000047683716 181 3 1
0.6200000047683716 66 62 0
0.6200000047683716 228 17 0
0.6200000047683716 93 150 1
0.6200000047683716 79 55 0
0.6200000047683716 220 0 0
0.6200000047683716 227 14 0
0.6200000047683716 122 33 0
0.6200000047683716 99 45 0
0.6200000047683716 180 3 1
0.6200000047683716 69 100 1
0.6200000047683716 64 62 0
0.6200000047683716 79 121 1
0.6200000047683716 63 88 1
0.6200000047683716 229 18 0
0.6200000047683716 94 151 1
0.6200000047683716 224 8 0
0.6200000047683716 148 20 1
0.6200000047683716 90 49 0
0.6200000047683716 106 41 0
0.6200000047683716 229 11 1
0.6200000047683716 229 17 0
0.6200000047683716 176 5 1
0.6299999952316284 239 38 0
0.6299999952316284 54 72 1
0.6299999952316284 58 78 1
0.6299999952316284 225 12 0
0.6299999952316284 226 12 0
0.6299999952316284 168 10 1
0.6299999952316284 71 106 1
0.6299999952316284 233 26 0
0.6299999952316284 69 59 0
0.6299999952316284 55 74 1
0.6299999952316284 58 66 0
0.6299999952316284 237 34 0
0.6299999952316284 222 4 0
0.6299999952316284 230 20 0
0.6299999952316284 60 84 1
0.6299999952316284 180 4 1
0.6299999952316284 183 2 1
0.6299999952316284 151 19 1
0.6299999952316284 103 43 0
0.6299999952316284 56 75 1
0.6299999952316284 71 59 0
0.6299999952316284 178 5 1
0.6299999952316284 78 118 1
0.6299999952316284 70 105 1
0.6299999952316284 76 115 1
0.6399999856948853 219 0 0
0.6399999856948853 238 36 0
0.6399999856948853 96 46 0
0.6399999856948853 146 20 1
0.6399999856948853 144 22 1
0.6399999856948853 117 35 0
0.6399999856948853 93 47 0
0.6399999856948853 178 4 1
0.6399999856948853 59 82 1
0.6399999856948853 60 64 0
0.6399999856948853 232 24 0
0.6399999856948853 63 91 1
0.6399999856948853 82 128 1
0.6399999856948853 55 75 1
0.6399999856948853 91 146 1
0.6399999856948853 55 67 0
0.6399999856948853 220 0 0
0.6399999856948853 173 7 1
0.6399999856948853 234 28 0
0.6399999856948853 102 43 0
0.6399999856948853 95 47 0
0.6399999856948853 174 6 1
0.6399999856948853 56 67 0
0.6399999856948853 54 67 0
0.6399999856948853 63 63 0
0.6399999856948853 62 63 0
0.6399999856948853 221 2 0
0.6399999856948853 63 90 1
0.6399999856948853 56 76 1
0.6399999856948853 78 56 0
0.6399999856948853 223 7 0
0.6399999856948853 83 52 0
0.6399999856948853 220 1 0
0.6499999761581421 70 58 0
0.6499999761581421 93 48 0
0.6499999761581421 72 106 1
0.6499999761581421 213 110 1
0.6499999761581421 225 11 0
0.6499999761581421 227 14 0
0.6499999761581421 67 61 0
0.6499999761581421 223 8 0
0.6499999761581421 170 8 1
0.6499999761581421 61 87 1
0.6499999761581421 236 32 0
0.6499999761581421 66 96 1
0.6499999761581421 54 71 1
0.6499999761581421 236 30 0
0.6499999761581421 227 15 0
0.6499999761581421 94 47 0
0.6499999761581421 171 8 1
0.6499999761581421 65 93 1
0.6499999761581421 66 97 1
0.6499999761581421 172 7 1
0.6499999761581421 59 65 0
0.6499999761581421 171 9 1
0.6499999761581421 223 6 0
0.6499999761581421 66 61 0
0.6499999761581421 82 126 1
0.6499999761581421 116 36 0
0.6499999761581421 80 124 1
0.6499999761581421 70 60 0
0.6599999666213989 82 127 1
0.6599999666213989 222 5 0
0.6599999666213989 146 21 1
0.6599999666213989 237 35 0
0.6599999666213989 168 9 1
0.6599999666213989 59 83 1
0.6599999666213989 165 11 1
0.6599999666213989 69 60 0
0.6599999666213989 229 19 0
0.6599999666213989 64 93 1
0.6599999666213989 226 12 0
0.6599999666213989 58 65 0
0.6599999666213989 89 141 1
0.6599999666213989 89 142 1
0.6599999666213989 56 66 0
0.6599999666213989 60 85 1
0.6599999666213989 124 32 0
0.6599999666213989 55 66 0
0.6599999666213989 213 110 0
0.6599999666213989 88 140 1
0.6599999666213989 54 73 1
0.6599999666213989 224 8 0
0.6599999666213989 224 10 0
0.6599999666213989 57 79 1
0.6599999666213989 74 112 1
0.6599999666213989 88 139 1
0.6599999666213989 86 51 0
0.6599999666213989 55 73 1
0.6599999666213989 66 95 1
0.6700000166893005 179 4 1
0.6700000166893005 63 89 1
0.6700000166893005 176 5 1
0.6700000166893005 153 18 1
0.6700000166893005 69 102 1
0.6700000166893005 57 66 0
0.6700000166893005 167 10 1
0.6700000166893005 99 44 0
0.6700000166893005 60 83 1
0.6700000166893005 233 25 0
0.6700000166893005 55 74 1
0.6700000166893005 153 15 1
0.6700000166893005 67 97 1
0.6700000166893005 78 120 1
0.6700000166893005 71 59 0
0.6700000166893005 58 80 1
0.6700000166893005 72 108 1
0.6700000166893005 80 54 0
0.6700000166893005 65 95 1
0.6700000166893005 229 18 0
0.6700000166893005 220 2 0
0.6700000166893005 74 58 0
0.6700000166893005 231 22 0
0.6700000166893005 233 28 0
0.6700000166893005 80 55 0
0.6700000166893005 231 21 0
0.6700000166893005 54 72 1
0.6700000166893005 81 125 1
0.6700000166893005 61 64 0
0.6700000166893005 228 16 0
0.6700000166893005 53 71 1
0.6700000166893005 226 9 0
0.6700000166893005 225 10 0
0.6700000166893005 80 123 1
0.6700000166893005 186 1 1
0.6700000166893005 71 105 1
0.6800000071525574 56 77 1
0.6800000071525574 76 56 0
0.6800000071525574 177 5 1
0.6800000071525574 98 45 0
0.6800000071525574 226 12 0
0.6800000071525574 52 69 1
0.6800000071525574 123 32 0
0.6800000071525574 235 31 0
0.6800000071525574 170 8 1
0.6800000071525574 237 33 0
0.6800000071525574 119 34 0
0.6800000071525574 55 67 0
0.6800000071525574 232 24 0
0.6800000071525574 175 7 1
0.6800000071525574 237 34 0
0.6800000071525574 68 100 1
0.6800000071525574 163 12 1
0.6800000071525574 111 39 0
0.6800000071525574 159 13 1
0.6800000071525574 164 11 1
0.6800000071525574 92 147 1
0.6800000071525574 239 38 0
0.6800000071525574 153 17 1
0.6800000071525574 239 37 0
0.6800000071525574 166 10 1
0.6800000071525574 221 3 0
0.6800000071525574 62 87 1
0.6800000071525574 55 75 1
0.6800000071525574 72 59 0
0.6800000071525574 148 19 1
0.6800000071525574 227 14 0
0.6800000071525574 235 30 0
0.6800000071525574 232 25 0
0.6800000071525574 62 64 0
0.6800000071525574 91 49 0
0.6800000071525574 224 9 0
0.6800000071525574 76 116 1
0.6800000071525574 64 63 0
0.6899999976158142 161 13 1
0.6899999976158142 69 103 1
0.6899999976158142 184 1 1
0.6899999976158142 59 65 0
0.6899999976158142 226 13 0
0.6899999976158142 61 85 1
0.6899999976158142 70 104 1
0.6899999976158142 229 20 0
0.6899999976158142 157 15 1
0.6899999976158142 74 57 0
0.6899999976158142 222 6 0
0.6899999976158142 105 172 0
0.6899999976158142 107 177 0
0.6899999976158142 58 81 1
0.6899999976158142 77 56 0
0.6899999976158142 85 134 1
0.6899999976158142 62 88 1
0.6899999976158142 158 15 1
0.6899999976158142 238 36 0
0.6899999976158142 68 61 0
0.6899999976158142 230 20 0
0.6899999976158142 65 62 0
0.6899999976158142 75 57 0
0.6899999976158142 72 58 0
0.6899999976158142 220 1 0
0.6899999976158142 65 61 0
0.6899999976158142 63 91 1
0.6899999976158142 60 65 0
0.6899999976158142 231 23 0
0.6899999976158142 230 21 0
0.6899999976158142 229 19 0
0.6899999976158142 53 68 0
0.6899999976158142 233 26 0
0.699999988079071 82 54 0
0.699999988079071 67 98 1
0.699999988079071 233 27 0
0.699999988079071 57 67 0
0.699999988079071 57 79 1
0.699999988079071 61 87 1
0.699999988079071 90 142 1
0.699999988079071 90 50 0
0.699999988079071 185 1 1
0.699999988079071 63 63 0
0.699999988079071 222 5 0
0.699999988079071 187 1 1
0.699999988079071 71 106 1
0.699999988079071 234 28 0
0.699999988079071 68 101 1
0.699999988079071 107 41 0
0.699999988079071 54 67 0
0.699999988079071 67 99 1
0.699999988079071 53 70 1
0.699999988079071 100 44 0
0.699999988079071 62 89 1
0.699999988079071 223 7 0
0.699999988079071 91 144 1
0.699999988079071 73 111 1
0.699999988079071 77 118 1
0.699999988079071 168 9 1
0.699999988079071 169 9 1
0.7099999785423279 64 62 0
0.7099999785423279 81 124 1
0.7099999785423279 84 52 0
0.7099999785423279 225 11 0
0.7099999785423279 113 38 0
0.7099999785423279 74 112 1
0.7099999785423279 221 4 0
0.7099999785423279 58 66 0
0.7099999785423279 59 82 1
0.7099999785423279 81 126 1
0.7099999785423279 65 94 1
0.7099999785423279 82 53 0
0.7099999785423279 172 7 1
0.7099999785423279 73 57 0
0.7099999785423279 70 59 0
0.7099999785423279 232 24 0
0.7099999785423279 72 108 1
0.7099999785423279 109 37 1
0.7099999785423279 63 90 1
0.7099999785423279 223 8 0
0.7099999785423279 238 35 0
0.7099999785423279 186 0 1
0.7099999785423279 64 92 1
0.7099999785423279 57 78 1
0.7099999785423279 224 9 0
0.7099999785423279 230 13 0
0.7099999785423279 187 0 1
0.7099999785423279 231 22 0
0.7099999785423279 81 123 1
0.7199999690055847 155 16 1
0.7199999690055847 164 11 1
0.7199999690055847 220 0 0
0.7199999690055847 66 62 0
0.7199999690055847 61 86 1
0.7199999690055847 234 29 0
0.7199999690055847 77 117 1
0.7199999690055847 71 107 1
0.7199999690055847 180 3 1
0.7199999690055847 221 3 0
0.7199999690055847 104 42 0
0.7199999690055847 66 93 1
0.7199999690055847 99 45 0
0.7199999690055847 226 14 0
0.7199999690055847 87 51 0
0.7199999690055847 55 75 1
0.7199999690055847 66 96 1
0.7199999690055847 52 70 1
0.7199999690055847 58 79 1
0.7199999690055847 227 15 0
0.7199999690055847 235 28 1
0.7199999690055847 159 14 1
0.7199999690055847 91 145 1
0.7199999690055847 78 55 0
0.7300000190734863 54 74 1
0.7300000190734863 54 73 1
0.7300000190734863 233 85 0
0.7300000190734863 84 132 1
0.7300000190734863 160 13 1
0.7300000190734863 236 32 0
0.7300000190734863 74 113 1
0.7300000190734863 150 19 1
0.7300000190734863 152 18 1
0.7300000190734863 227 16 0
0.7300000190734863 106 41 0
0.7300000190734863 88 50 0
0.7300000190734863 89 50 0
0.7300000190734863 238 37 0
0.7300000190734863 233 26 0
0.7300000190734863 222 5 0
0.7300000190734863 60 84 1
0.7300000190734863 56 76 1
0.7300000190734863 88 51 0
0.7300000190734863 59 81 1
0.7300000190734863 53 71 1
0.7300000190734863 75 115 1
0.7300000190734863 80 122 1
0.7300000190734863 236 33 0
0.7300000190734863 234 28 0
0.7300000190734863 221 2 0
0.7300000190734863 162 12 1
0.7300000190734863 79 55 0
0.7300000190734863 56 77 1
0.7300000190734863 225 12 0
0.7300000190734863 69 60 0
0.7300000190734863 55 74 1
0.7300000190734863 53 72 1
0.7300000190734863 217 100 1
0.7300000190734863 219 0 0
0.7400000095367432 223 7 0
0.7400000095367432 226 13 0
0.7400000095367432 222 6 0
0.7400000095367432 84 52 0
0.7400000095367432 228 17 0
0.7400000095367432 109 40 0
0.7400000095367432 80 54 0
0.7400000095367432 220 1 0
0.7400000095367432 78 121 1
0.7400000095367432 237 34 0
0.7400000095367432 56 67 0
0.7400000095367432 73 58 0
0.7400000095367432 70 105 1
0.7400000095367432 114 37 0
0.7400000095367432 62 64 0
0.7400000095367432 182 2 1
0.7400000095367432 60 85 1
0.7400000095367432 78 120 1
0.7400000095367432 105 41 0
0.7400000095367432 87 137 1
0.7400000095367432 74 110 1
0.7400000095367432 235 30 0
0.7400000095367432 60 86 1
0.7400000095367432 225 11 0
0.7400000095367432 61 65 0
0.75 121 33 0
0.75 75 113 1
0.75 59 84 1
0.75 61 87 1
0.75 183 2 1
0.75 55 67 0
0.75 85 133 1
0.75 78 56 0
0.75 219 1 0
0.75 70 103 1
0.75 239 39 0
0.75 65 63 0
0.75 113 37 0
0.75 66 61 0
0.75 178 4 1
0.75 65 95 1
0.75 229 19 0
0.75 227 15 0
0.75 71 106 1
0.75 229 18 0
0.75 184 1 1
0.75 73 110 1
0.75 224 10 0
0.75 167 10 1
0.75 72 109 1
0.75 83 129 1
0.75 85 132 1
0.75 67 61 0
0.75 233 27 0
0.75 76 115 1
0.75 239 38 0
0.75 226 12 0
0.75 181 3 1
0.75 70 60 0
0.75 174 7 1
0.75 238 36 0
0.7599999904632568 235 29 0
0.7599999904632568 154 17 1
0.7599999904632568 231 23 0
0.7599999904632568 145 21 1
0.7599999904632568 230 21 0
0.7599999904632568 166 10 1
0.7599999904632568 225 10 0
0.7599999904632568 66 97 1
0.7599999904632568 56 78 1
0.7599999904632568 230 22 0
0.7599999904632568 176 5 1
0.7599999904632568 89 140 1
0.7599999904632568 221 4 0
0.7599999904632568 83 53 0
0.7599999904632568 53 72 1
0.7599999904632568 79 122 1
0.7599999904632568 85 52 0
0.7599999904632568 224 9 0
0.7599999904632568 228 18 0
0.7599999904632568 57 80 1
0.7599999904632568 81 54 0
0.7599999904632568 64 93 1
0.7599999904632568 63 91 1
0.7599999904632568 76 57 0
0.7599999904632568 54 68 0
0.7699999809265137 231 24 0
0.7699999809265137 55 76 1
0.7699999809265137 156 15 1
0.7699999809265137 69 101 1
0.7699999809265137 59 65 0
0.7699999809265137 61 64 0
0.7699999809265137 63 92 1
0.7699999809265137 62 88 1
0.7699999809265137 219 0 0
0.7699999809265137 59 83 1
0.7699999809265137 222 4 0
0.7699999809265137 79 123 1
0.7699999809265137 58 81 1
0.7699999809265137 74 112 1
0.7699999809265137 72 108 1
0.7699999809265137 54 67 0
0.7699999809265137 160 13 1
0.7699999809265137 170 9 1
0.7699999809265137 222 5 0
0.7699999809265137 79 118 1
0.7699999809265137 174 6 1
0.7699999809265137 221 3 0
0.7699999809265137 58 66 0
0.7699999809265137 72 59 0
0.7699999809265137 95 153 1
0.7699999809265137 149 19 1
0.7699999809265137 229 19 0
0.7699999809265137 232 25 0
0.7699999809265137 220 2 0
0.7699999809265137 68 102 1
0.7699999809265137 84 53 0
0.7699999809265137 67 99 1
0.7699999809265137 82 128 1
0.7699999809265137 172 8 1
0.7699999809265137 223 8 0
0.7699999809265137 232 26 0
0.7699999809265137 58 80 1
0.7699999809265137 69 103 1
0.7699999809265137 79 121 1
0.7699999809265137 76 114 1
0.7699999809265137 175 6 1
0.7699999809265137 92 48 0
0.7799999713897705 153 16 0
0.7799999713897705 95 47 0
0.7799999713897705 70 104 1
0.7799999713897705 54 72 1
0.7799999713897705 222 6 0
0.7799999713897705 188 0 1
0.7799999713897705 55 75 1
0.7799999713897705 105 42 0
0.7799999713897705 63 63 0
0.7799999713897705 68 99 1
0.7799999713897705 68 100 1
0.7799999713897705 111 36 1
0.7799999713897705 173 7 1
0.7799999713897705 91 146 1
0.7799999713897705 80 124 1
0.7799999713897705 54 74 1
0.7799999713897705 109 31 1
0.7799999713897705 87 136 1
0.7799999713897705 60 65 0
0.7799999713897705 233 28 0
0.7799999713897705 232 24 0
0.7799999713897705 237 34 0
0.7799999713897705 227 15 0
0.7799999713897705 97 46 0
0.7799999713897705 147 20 1
0.7799999713897705 158 14 1
0.7799999713897705 57 79 1
0.7799999713897705 166 11 1
0.7799999713897705 68 60 0
0.7799999713897705 90 49 0
0.7799999713897705 71 59 0
0.7799999713897705 236 32 0
0.7799999713897705 75 114 1
0.7899999618530273 76 117 1
0.7899999618530273 83 130 1
0.7899999618530273 80 55 0
0.7899999618530273 61 87 1
0.7899999618530273 163 12 1
0.7899999618530273 228 16 0
0.7899999618530273 236 34 0
0.7899999618530273 223 8 0
0.7899999618530273 180 3 1
0.7899999618530273 228 17 0
0.7899999618530273 187 0 1
0.7899999618530273 58 82 1
0.7899999618530273 64 63 0
0.7899999618530273 108 40 0
0.7899999618530273 57 66 0
0.7899999618530273 223 7 0
0.7899999618530273 239 38 0
0.7899999618530273 76 116 1
0.7899999618530273 229 19 0
0.7899999618530273 234 27 0
0.7899999618530273 238 36 0
0.7899999618530273 72 107 1
0.7899999618530273 93 48 0
0.7899999618530273 156 16 1
0.7899999618530273 221 4 0
0.7899999618530273 52 68 0
0.7899999618530273 225 11 0
0.7899999618530273 185 1 1
0.7899999618530273 63 64 0
0.7899999618530273 56 67 0
0.7899999618530273 125 31 0
0.800000011920929 62 64 0
0.800000011920929 86 52 0
0.800000011920929 53 72 1
0.800000011920929 82 129 1
0.800000011920929 59 65 0
0.800000011920929 66 62 0
0.800000011920929 165 11 1
0.800000011920929 232 25 0
0.800000011920929 179 4 1
0.800000011920929 92 49 0
0.800000011920929 234 28 0
0.800000011920929 74 58 0
0.800000011920929 230 20 0
0.800000011920929 62 90 1
0.800000011920929 77 119 1
0.800000011920929 231 23 0
0.800000011920929 224 9 0
0.800000011920929 170 8 1
0.800000011920929 227 14 0
0.800000011920929 234 30 0
0.800000011920929 60 85 1
0.800000011920929 186 0 1
0.800000011920929 53 71 1
0.800000011920929 64 93 1
0.800000011920929 73 59 0
0.800000011920929 235 31 0
0.800000011920929 102 42 0
0.800000011920929 185 0 1
0.800000011920929 68 101 1
0.800000011920929 54 73 1
0.800000011920929 77 118 1
0.800000011920929 233 27 0
0.800000011920929 65 62 0
0.800000011920929 110 39 0
0.800000011920929 224 10 0
0.800000011920929 96 47 0
0.800000011920929 60 86 1
0.800000011920929 126 31 0
0.800000011920929 225 12 0
0.800000011920929 62 89 1
0.800000011920929 140 23 1
0.8100000023841858 57 64 0
0.8100000023841858 84 131 1
0.8100000023841858 226 14 0
0.8100000023841858 222 5 0
0.8100000023841858 219 0 0
0.8100000023841858 73 109 1
0.8100000023841858 220 1 0
0.8100000023841858 115 37 0
0.8100000023841858 71 106 1
0.8100000023841858 98 46 0
0.8100000023841858 92 148 1
0.8100000023841858 56 77 1
0.8100000023841858 64 94 1
0.8100000023841858 220 3 0
0.8100000023841858 87 51 0
0.8100000023841858 239 39 0
0.8100000023841858 54 74 1
0.8100000023841858 230 21 0
0.8100000023841858 109 39 0
0.8100000023841858 225 12 0
0.8100000023841858 55 68 0
0.8100000023841858 96 46 0
0.8100000023841858 75 57 0
0.8100000023841858 78 120 1
0.8100000023841858 234 29 0
0.8199999928474426 162 13 1
0.8199999928474426 65 94 1
0.8199999928474426 185 0 1
0.8199999928474426 73 111 1
0.8199999928474426 53 73 1
0.8199999928474426 233 27 0
0.8199999928474426 59 84 1
0.8199999928474426 229 20 0
0.8199999928474426 90 144 1
0.8199999928474426 59 66 0
0.8199999928474426 85 134 1
0.8199999928474426 71 105 1
0.8199999928474426 68 61 0
0.8199999928474426 67 98 1
0.8199999928474426 88 138 1
0.8199999928474426 69 60 0
0.8199999928474426 65 95 1
0.8199999928474426 71 107 1
0.8199999928474426 226 13 0
0.8199999928474426 177 5 1
0.8199999928474426 184 1 1
0.8199999928474426 154 16 1
0.8199999928474426 171 8 1
0.8299999833106995 222 6 0
0.8299999833106995 72 108 1
0.8299999833106995 183 1 1
0.8299999833106995 63 62 0
0.8299999833106995 52 70 1
0.8299999833106995 174 8 1
0.8299999833106995 235 32 0
0.8299999833106995 221 4 0
0.8299999833106995 84 50 1
0.8299999833106995 66 96 1
0.8299999833106995 219 1 0
0.8299999833106995 90 50 0
0.8299999833106995 157 15 1
0.8299999833106995 232 25 0
0.8299999833106995 227 15 0
0.8299999833106995 112 38 0
0.8299999833106995 221 5 0
0.8299999833106995 178 4 1
0.8299999833106995 57 78 1
0.8299999833106995 55 67 0
0.8299999833106995 223 8 0
0.8299999833106995 225 11 0
0.8299999833106995 69 102 1
0.8299999833106995 172 7 1
0.8299999833106995 173 7 1
0.8299999833106995 88 139 1
0.8299999833106995 57 77 1
0.8299999833106995 53 72 1
0.8299999833106995 148 126 1
0.8299999833106995 64 92 1
0.8299999833106995 233 26 0
0.8299999833106995 229 19 0
0.8399999737739563 219 0 0
0.8399999737739563 58 66 0
0.8399999737739563 82 53 0
0.8399999737739563 220 2 0
0.8399999737739563 77 56 0
0.8399999737739563 78 56 0
0.8399999737739563 54 74 1
0.8399999737739563 63 91 1
0.8399999737739563 223 9 0
0.8399999737739563 87 138 1
0.8399999737739563 120 34 0
0.8399999737739563 79 55 0
0.8399999737739563 88 140 1
0.8399999737739563 57 67 0
0.8399999737739563 78 119 1
0.8399999737739563 236 33 0
0.8399999737739563 168 9 1
0.8399999737739563 107 41 0
0.8399999737739563 238 37 0
0.8399999737739563 61 88 1
0.8399999737739563 142 23 1
0.8399999737739563 81 125 1
0.8399999737739563 84 50 0
0.8399999737739563 61 87 1
0.8399999737739563 227 16 0
0.8399999737739563 69 103 1
0.8499999642372131 52 71 1
0.8499999642372131 57 80 1
0.8499999642372131 176 5 1
0.8499999642372131 224 10 0
0.8499999642372131 63 92 1
0.8499999642372131 119 35 0
0.8499999642372131 183 2 1
0.8499999642372131 61 65 0
0.8499999642372131 60 65 0
0.8499999642372131 73 58 0
0.8499999642372131 237 34 0
0.8499999642372131 56 78 1
0.8499999642372131 97 157 1
0.8499999642372131 98 45 0
0.8499999642372131 237 35 0
0.8499999642372131 67 62 0
0.8499999642372131 77 116 1
0.8499999642372131 71 59 0
0.8499999642372131 238 32 0
0.8499999642372131 95 47 0
0.8499999642372131 223 8 0
0.8499999642372131 58 82 1
0.8499999642372131 70 60 0
0.8499999642372131 182 2 1
0.8499999642372131 91 49 0
0.8499999642372131 179 3 1
0.8499999642372131 226 14 0
0.8600000143051147 55 74 1
0.8600000143051147 70 105 1
0.8600000143051147 64 63 0
0.8600000143051147 58 81 1
0.8600000143051147 56 67 0
0.8600000143051147 55 76 1
0.8600000143051147 55 75 1
0.8600000143051147 239 40 0
0.8600000143051147 72 109 1
0.8600000143051147 221 3 0
0.8600000143051147 233 27 0
0.8600000143051147 181 2 1
0.8600000143051147 79 122 1
0.8600000143051147 177 4 1
0.8600000143051147 53 68 0
0.8600000143051147 228 18 0
0.8600000143051147 231 23 0
0.8600000143051147 221 4 0
0.8600000143051147 66 62 0
0.8600000143051147 101 44 0
0.8600000143051147 229 19 0
0.8600000143051147 75 115 1
0.8600000143051147 74 112 1
0.8600000143051147 99 45 0
0.8600000143051147 72 59 0
0.8600000143051147 152 17 1
0.8600000143051147 224 11 0
0.8600000143051147 62 90 1
0.8600000143051147 108 179 0
0.8600000143051147 59 82 1
0.8600000143051147 67 99 1
0.8600000143051147 107 176 0
0.8600000143051147 74 58 0
0.8600000143051147 235 31 0
0.8600000143051147 222 6 0
0.8700000047683716 179 3 1
0.8700000047683716 79 121 1
0.8700000047683716 94 150 1
0.8700000047683716 66 97 1
0.8700000047683716 61 86 1
0.8700000047683716 68 102 1
0.8700000047683716 81 127 1
0.8700000047683716 117 36 0
0.8700000047683716 225 12 0
0.8700000047683716 80 125 1
0.8700000047683716 63 64 0
0.8700000047683716 71 60 0
0.8700000047683716 180 3 1
0.8700000047683716 164 11 1
0.8700000047683716 78 120 1
0.8700000047683716 224 9 0
0.8700000047683716 91 145 1
0.8700000047683716 229 20 0
0.8700000047683716 96 154 1
0.8700000047683716 76 57 0
0.8700000047683716 35 80 0
0.8700000047683716 88 50 0
0.8700000047683716 53 72 1
0.8700000047683716 103 43 0
0.8700000047683716 225 13 0
0.8700000047683716 107 40 0
0.8700000047683716 102 43 0
0.8700000047683716 65 63 0
0.8700000047683716 170 8 1
0.8700000047683716 60 86 1
0.8799999952316284 76 117 1
0.8799999952316284 151 18 1
0.8799999952316284 35 80 1
0.8799999952316284 94 48 0
0.8799999952316284 111 39 0
0.8799999952316284 230 22 0
0.8799999952316284 75 58 0
0.8799999952316284 63 90 1
0.8799999952316284 72 110 1
0.8799999952316284 231 24 0
0.8799999952316284 230 21 0
0.8799999952316284 183 3 1
0.8799999952316284 88 51 0
0.8799999952316284 219 0 0
0.8799999952316284 236 33 0
0.8799999952316284 100 44 0
0.8799999952316284 226 13 0
0.8799999952316284 90 143 1
0.8799999952316284 54 75 1
0.8799999952316284 177 4 1
0.8799999952316284 226 15 0
0.8799999952316284 238 38 0
0.8799999952316284 62 64 0
0.8799999952316284 67 61 0
0.8799999952316284 239 37 0
0.8799999952316284 89 50 0
0.8799999952316284 222 7 0
0.8799999952316284 152 17 1
0.8799999952316284 223 8 0
0.8799999952316284 156 15 1
0.8799999952316284 150 19 1
0.8799999952316284 84 53 0
0.8799999952316284 68 100 1
0.8799999952316284 148 20 1
0.8799999952316284 65 96 1
0.8799999952316284 238 37 0
0.8799999952316284 150 18 1
0.8899999856948853 73 111 1
0.8899999856948853 61 65 0
0.8899999856948853 66 98 1
0.8899999856948853 57 81 1
0.8899999856948853 161 13 1
0.8899999856948853 54 69 0
0.8899999856948853 86 136 1
0.8899999856948853 54 68 0
0.8899999856948853 178 4 1
0.8899999856948853 139 24 1
0.8899999856948853 54 74 1
0.8899999856948853 167 10 1
0.8899999856948853 234 29 0
0.8899999856948853 227 17 0
0.8899999856948853 59 85 1
0.8899999856948853 232 26 0
0.8899999856948853 239 39 0
0.8899999856948853 53 69 0
0.8899999856948853 93 48 0
0.8899999856948853 223 8 0
0.8899999856948853 67 100 1
0.8899999856948853 53 72 1
0.8899999856948853 228 17 0
0.8899999856948853 233 28 0
0.8899999856948853 68 101 1
0.8899999856948853 222 5 0
0.8899999856948853 57 79 1
0.8899999856948853 60 87 1
0.8899999856948853 224 10 0
0.8899999856948853 55 77 1
0.8899999856948853 222 6 0
0.8899999856948853 59 84 1
0.8999999761581421 86 137 1
0.8999999761581421 220 2 0
0.8999999761581421 74 113 1
0.8999999761581421 75 116 1
0.8999999761581421 61 89 1
0.8999999761581421 59 66 0
0.8999999761581421 94 152 1
0.8999999761581421 237 35 0
0.8999999761581421 75 57 0
0.8999999761581421 57 80 1
0.8999999761581421 219 1 0
0.8999999761581421 219 0 0
0.8999999761581421 76 115 1
0.8999999761581421 69 61 0
0.8999999761581421 80 124 1
0.8999999761581421 77 119 1
0.8999999761581421 82 54 0
0.8999999761581421 231 23 0
0.8999999761581421 220 3 0
0.8999999761581421 59 83 1
0.8999999761581421 159 14 1
0.8999999761581421 175 5 1
0.8999999761581421 234 28 0
0.8999999761581421 233 26 0
0.8999999761581421 55 67 0
0.8999999761581421 86 135 1
0.8999999761581421 83 128 1
0.8999999761581421 225 12 0
0.9099999666213989 65 62 0
0.9099999666213989 173 6 1
0.9099999666213989 167 11 1
0.9099999666213989 227 16 0
0.9099999666213989 71 107 1
0.9099999666213989 71 106 1
0.9099999666213989 221 4 0
0.9099999666213989 226 15 0
0.9099999666213989 78 56 0
0.9099999666213989 233 27 0
0.9099999666213989 76 116 1
0.9099999666213989 225 11 0
0.9099999666213989 53 72 1
0.9099999666213989 72 59 0
0.9099999666213989 55 68 0
0.9099999666213989 56 79 1
0.9099999666213989 68 61 0
0.9099999666213989 72 108 1
0.9099999666213989 232 25 0
0.9099999666213989 147 21 1
0.9099999666213989 54 73 1
0.9099999666213989 153 17 1
0.9099999666213989 228 19 0
0.9099999666213989 66 62 0
0.9099999666213989 63 92 1
0.9099999666213989 83 131 1
0.9099999666213989 233 28 0
0.9099999666213989 174 6 1
0.9099999666213989 225 13 0
0.9099999666213989 162 12 1
0.9099999666213989 94 47 0
0.9099999666213989 92 49 0
0.9099999666213989 64 94 1
0.9099999666213989 171 59 0
0.9099999666213989 80 55 0
0.9200000166893005 79 123 1
0.9200000166893005 62 90 1
0.9200000166893005 172 7 1
0.9200000166893005 155 16 1
0.9200000166893005 58 66 0
0.9200000166893005 99 45 0
0.9200000166893005 183 1 1
0.9200000166893005 171 59 1
0.9200000166893005 86 122 1
0.9200000166893005 69 104 1
0.9200000166893005 69 103 1
0.9200000166893005 58 82 1
0.9200000166893005 64 93 1
0.9200000166893005 62 91 1
0.9200000166893005 175 5 1
0.9200000166893005 62 89 1
0.9200000166893005 53 73 1
0.9200000166893005 229 19 0
0.9200000166893005 60 85 1
0.9200000166893005 229 21 0
0.9200000166893005 82 128 1
0.9200000166893005 94 151 1
0.9200000166893005 238 37 0
0.9200000166893005 239 39 0
0.9200000166893005 84 132 1
0.9200000166893005 221 5 0
0.9200000166893005 229 20 0
0.9200000166893005 234 27 1
0.9200000166893005 227 15 0
0.9200000166893005 74 111 1
0.9200000166893005 78 120 1
0.9200000166893005 97 46 0
0.9300000071525574 81 54 0
0.9300000071525574 102 43 0
0.9300000071525574 223 8 0
0.9300000071525574 221 4 0
0.9300000071525574 52 71 1
0.9300000071525574 64 63 0
0.9300000071525574 52 69 0
0.9300000071525574 77 57 0
0.9300000071525574 101 43 0
0.9300000071525574 56 67 0
0.9300000071525574 108 178 0
0.9300000071525574 83 53 0
0.9300000071525574 86 51 0
0.9300000071525574 106 42 0
0.9300000071525574 233 28 0
0.9300000071525574 63 91 1
0.9300000071525574 234 30 0
0.9300000071525574 222 6 0
0.9300000071525574 98 159 1
0.9300000071525574 104 42 0
0.9300000071525574 176 6 1
0.9300000071525574 171 7 1
0.9300000071525574 224 9 0
0.9300000071525574 76 57 0
0.9300000071525574 86 122 0
0.9300000071525574 58 67 0
0.9300000071525574 218 0 0
0.9300000071525574 70 106 1
0.9300000071525574 226 14 0
0.9399999976158142 81 55 0
0.9399999976158142 127 30 0
0.9399999976158142 61 88 1
0.9399999976158142 98 45 0
0.9399999976158142 219 1 0
0.9399999976158142 231 25 0
0.9399999976158142 181 2 1
0.9399999976158142 72 109 1
0.9399999976158142 90 50 0
0.9399999976158142 65 97 1
0.9399999976158142 160 13 1
0.9399999976158142 73 58 0
0.9399999976158142 88 137 1
0.9399999976158142 185 0 1
0.9399999976158142 118 35 0
0.9399999976158142 57 67 0
0.9399999976158142 223 9 0
0.9399999976158142 95 154 1
0.9399999976158142 60 86 1
0.9399999976158142 236 33 0
0.9399999976158142 223 8 0
0.9399999976158142 74 58 0
0.9399999976158142 67 62 0
0.9399999976158142 224 10 0
0.9399999976158142 83 54 0
0.9399999976158142 73 110 1
0.9399999976158142 235 31 0
0.9399999976158142 85 135 1
0.9399999976158142 238 36 0
0.9399999976158142 163 12 1
0.9399999976158142 186 0 1
0.9399999976158142 177 4 1
0.949999988079071 84 133 1
0.949999988079071 232 25 0
0.949999988079071 63 64 0
0.949999988079071 219 2 0
0.949999988079071 220 3 0
0.949999988079071 96 47 0
0.949999988079071 72 110 1
0.949999988079071 68 102 1
0.949999988079071 59 85 1
0.949999988079071 54 74 1
0.949999988079071 222 7 0
0.949999988079071 82 54 0
0.949999988079071 173 6 1
0.949999988079071 113 38 0
0.949999988079071 65 96 1
0.949999988079071 227 16 0
0.949999988079071 179 3 1
0.949999988079071 89 141 1
0.949999988079071 59 84 1
0.949999988079071 76 118 1
0.949999988079071 234 29 0
0.949999988079071 78 121 1
0.949999988079071 225 12 0
0.949999988079071 219 0 0
0.949999988079071 102 44 0
0.949999988079071 60 87 1
0.949999988079071 66 98 1
0.949999988079071 228 18 0
0.949999988079071 56 68 0
0.9599999785423279 229 20 0
0.9599999785423279 223 8 0
0.9599999785423279 169 8 1
0.9599999785423279 233 27 0
0.9599999785423279 220 4 0
0.9599999785423279 57 80 1
0.9599999785423279 231 24 0
0.9599999785423279 54 75 1
0.9599999785423279 143 22 1
0.9599999785423279 182 1 1
0.9599999785423279 170 8 1
0.9599999785423279 168 9 1
0.9599999785423279 70 104 1
0.9599999785423279 237 36 0
0.9599999785423279 65 63 0
0.9599999785423279 81 126 1
0.9599999785423279 74 112 1
0.9599999785423279 55 77 1
0.9599999785423279 230 22 0
0.9599999785423279 80 55 0
0.9599999785423279 71 108 1
0.9599999785423279 224 11 0
0.9599999785423279 71 60 0
0.9599999785423279 58 83 1
0.9599999785423279 95 47 0
0.9599999785423279 59 105 1
0.9599999785423279 85 52 0
0.9599999785423279 63 92 1
0.9599999785423279 75 114 1
0.9699999690055847 166 10 1
0.9699999690055847 225 13 0
0.9699999690055847 239 39 0
0.9699999690055847 226 14 0
0.9699999690055847 61 65 0
0.9699999690055847 64 95 1
0.9699999690055847 229 21 0
0.9699999690055847 86 52 0
0.9699999690055847 73 59 0
0.9699999690055847 78 56 0
0.9699999690055847 75 115 1
0.9699999690055847 228 19 0
0.9699999690055847 149 19 1
0.9699999690055847 83 130 1
0.9699999690055847 224 10 0
0.9699999690055847 236 34 0
0.9699999690055847 232 26 0
0.9699999690055847 53 74 1
0.9699999690055847 91 50 0
0.9699999690055847 56 79 1
0.9699999690055847 76 117 1
0.9699999690055847 221 4 0
0.9699999690055847 122 33 0
0.9699999690055847 219 1 0
0.9699999690055847 116 36 0
0.9699999690055847 53 73 1
0.9699999690055847 79 56 0
0.9699999690055847 234 30 0
0.9699999690055847 84 53 0
0.9699999690055847 62 64 0
0.9800000190734863 85 134 1
0.9800000190734863 222 6 0
0.9800000190734863 176 5 1
0.9800000190734863 221 6 0
0.9800000190734863 230 21 0
0.9800000190734863 62 90 1
0.9800000190734863 233 28 0
0.9800000190734863 56 77 1
0.9800000190734863 60 66 0
0.9800000190734863 60 65 0
0.9800000190734863 57 81 1
0.9800000190734863 220 2 0
0.9800000190734863 56 78 1
0.9800000190734863 66 97 1
0.9800000190734863 164 10 0
0.9800000190734863 55 76 1
0.9800000190734863 164 11 1
0.9800000190734863 67 100 1
0.9800000190734863 221 5 0
0.9800000190734863 158 14 1
0.9800000190734863 80 123 1
0.9800000190734863 82 129 1
0.9800000190734863 87 51 0
0.9800000190734863 100 45 0
0.9800000190734863 77 119 1
0.9800000190734863 98 46 0
0.9800000190734863 106 41 0
0.9800000190734863 165 11 1
0.9800000190734863 235 32 0
0.9800000190734863 63 93 1
0.9800000190734863 237 35 0
0.9800000190734863 70 105 1
0.9800000190734863 77 118 1
0.9800000190734863 225 12 0
0.9900000095367432 70 61 0
0.9900000095367432 185 1 1
0.9900000095367432 75 127 0
0.9900000095367432 231 24 0
0.9900000095367432 61 64 0
0.9900000095367432 223 8 0
0.9900000095367432 110 40 0
0.9900000095367432 183 1 1
0.9900000095367432 53 69 0
0.9900000095367432 53 72 1
0.9900000095367432 238 37 0
0.9900000095367432 220 3 0
0.9900000095367432 236 33 0
0.9900000095367432 90 49 0
0.9900000095367432 81 127 1
0.9900000095367432 67 99 1
0.9900000095367432 181 3 1
0.9900000095367432 170 8 1
0.9900000095367432 74 114 1
0.9900000095367432 65 94 1
0.9900000095367432 66 63 0
0.9900000095367432 141 23 1
